Post-nr	Navn	Samtlige husstande	Samtlige - ekskl. Nej tak	Samtlige - ekskl. Nej tak gratisaviser	By	By - ekskl. Nej tak	By - ekskl. Nej tak gratisaviser	Land	Land - ekskl. Nej tak	Land - ekskl. Nej tak gratisaviser	Etager	Etager - ekskl. Nej tak	Etager - ekskl. Nej tak gratisaviser	V/RH	Villa/Række - ekskl. Nej tak	Villa/Række - ekskl. Nej tak gratisaviser	Jordbrug	Jordbrug - ekskl. Nej tak	Jordbrug - ekskl. Nej tak gratisaviser	Kontor	Kontor - ekskl. Nej tak	Kontor - ekskl. Nej tak gratisaviser	Butik	Butik - ekskl. Nej tak	Butik - ekskl. Nej tak gratisaviser	Fri-hus	Fri-hus - ekskl. Nej tak	Fri-hus - ekskl. Nej tak gratisaviser
1 2	Storkøbenhavn	718418	310710	542669	713899	308473	538627	4519	2237	4042	503175	216076	352526	214575	94280	189520	668	354	623	26512	22200	23908	14779	13854	14175	18454	17744	18038
3	Nordsjælland, Bornholm	185649	89814	166033	160830	75835	143205	24819	13979	22828	43715	21365	35547	137602	66047	126377	4332	2402	4109	7174	5866	6665	3269	3010	3152	29879	25658	27621
4	Sjælland, Lolland, Falster, Møn	336254	192106	301031	259304	145003	229738	76950	47103	71293	73660	40039	58654	247000	143020	227591	15594	9047	14786	11672	9447	10711	5751	5261	5532	53332	48377	50714
5	Fyn med omliggende øer	245973	120408	210201	202682	97716	170019	43291	22692	40182	61958	29452	44072	172847	85184	155479	11168	5772	10650	8100	6401	7376	4089	3605	3899	13884	12457	13220
6	Syd-sydvestjylland	295384	158990	263087	233644	123394	205117	61740	35596	57970	63935	33463	49173	217099	117859	200055	14350	7668	13859	9730	7969	9056	4620	4124	4438	31033	28532	29340
7	Midt-nordvestjylland	263398	143139	233953	213422	114783	187434	49976	28356	46519	63323	34896	50269	185295	100110	169546	14780	8133	14138	9818	7944	9019	4838	4272	4584	15475	14243	14711
8	Østjylland, Samsø	452270	215116	374139	384574	179161	312192	67696	35955	61947	163213	79351	117251	273611	127654	242308	15446	8111	14580	16427	13366	14923	7690	6997	7346	21752	19846	20689
9	Nordjylland, Læsø	265767	153817	234202	219704	125604	190604	46063	28213	43598	77201	41964	58528	173536	102939	161143	15030	8914	14531	8439	7098	7904	4495	4073	4362	31282	28790	29858
 	Hele landet	2763113	1384100	2325315	2388059	1169969	1976936	375054	214131	348379	1050180	496606	766020	1621565	837093	1472019	91368	50401	87276	97872	80291	89562	49531	45196	47488	215091	195647	204191
1000-1499	København K	23635	10587	16245	23635	10587	16245	0	0	0	22655	9975	15452	980	612	793	0	0	0	4322	3730	3901	2508	2315	2369	0	0	0
1500-1799	København V	22066	8798	14628	22066	8798	14628	0	0	0	21788	8696	14419	278	102	209	0	0	0	1422	1217	1283	973	912	933	0	0	0
1800-1899	Frederiksberg C	16369	5927	11700	16369	5927	11700	0	0	0	15920	5779	11367	449	148	333	0	0	0	627	484	540	588	539	553	0	0	0
2000	Frederiksberg	39158	14573	26912	39158	14573	26912	0	0	0	36998	13885	25117	2160	688	1795	0	0	0	674	551	598	801	754	769	79	77	77
2100	København Ø	48302	18557	32579	48302	18557	32579	0	0	0	46006	17726	30838	2296	831	1741	0	0	0	1404	1165	1233	960	891	913	399	385	389
2150	Nordhavn	999	738	872	999	738	872	0	0	0	959	721	842	40	17	30	0	0	0	157	142	149	6	6	6	0	0	0
2200	København N	40247	16699	26518	40247	16699	26518	0	0	0	40212	16676	26488	35	23	30	0	0	0	925	788	824	956	914	925	0	0	0
2300	København S	68283	27165	44491	68283	27165	44491	0	0	0	60048	23898	37831	8235	3267	6660	0	0	0	1520	1260	1315	1144	1069	1085	1528	1429	1468
2400	København NV	28802	12823	20069	28802	12823	20069	0	0	0	26453	12040	18125	2349	783	1944	0	0	0	521	444	469	394	384	386	4	4	4
2450	København SV	14434	6604	9970	14434	6604	9970	0	0	0	13778	6333	9430	656	271	540	0	0	0	269	245	255	104	97	101	734	724	729
2500	Valby	28041	12209	20078	28041	12209	20078	0	0	0	23618	10543	16319	4423	1666	3759	0	0	0	585	496	530	479	450	460	143	135	139
2600	Glostrup	12127	5953	10145	12124	5951	10142	3	2	3	6668	3327	5197	5459	2626	4948	0	0	0	892	804	847	246	241	242	1480	1407	1431
2605	Brøndby	10345	5047	8474	10336	5040	8465	9	7	9	6639	3105	5056	3705	1941	3417	1	1	1	694	620	652	113	108	109	1123	1103	1110
2610	Rødovre	18962	8923	15754	18961	8923	15754	1	0	0	10556	4945	8120	8406	3978	7634	0	0	0	760	651	688	362	347	353	840	815	822
2620	Albertslund	12256	6018	10141	12183	5990	10075	73	28	66	3744	1814	2699	8503	4199	7433	9	5	9	423	357	396	99	93	94	0	0	0
2625	Vallensbæk	2588	1355	2228	2572	1347	2214	16	8	14	631	293	449	1950	1059	1772	7	3	7	72	50	60	5	4	4	0	0	0
2630	Taastrup	16607	8757	14328	16271	8578	14025	336	179	303	8142	4474	6620	8412	4254	7660	53	29	48	772	652	713	315	304	311	225	221	224
2635	Ishøj	9589	5395	7933	9287	5241	7655	302	154	278	5559	3145	4313	3989	2229	3581	41	21	39	355	316	329	119	112	113	587	579	584
2640	Hedehusene	5514	3093	4986	5148	2918	4654	366	175	332	1652	948	1365	3771	2096	3535	91	49	86	290	226	249	71	62	67	527	519	525
2650	Hvidovre	24254	11161	19612	24230	11153	19592	24	8	20	13699	6075	10090	10553	5085	9520	2	1	2	926	778	857	246	235	240	671	630	644
2660	Brøndby Strand	5736	3318	4705	5735	3317	4704	1	1	1	3528	2105	2775	2208	1213	1930	0	0	0	78	71	72	49	48	48	1	0	0
2665	Vallensbæk Strand	4067	2059	3321	4064	2056	3318	3	3	3	1952	1027	1461	2115	1032	1860	0	0	0	117	92	103	38	36	36	9	5	8
2670	Greve	15649	8391	13654	15378	8247	13408	271	144	246	3827	2139	3079	11772	6225	10528	50	27	47	592	489	528	243	235	238	70	35	53
2680	Solrød Strand	7464	3660	6266	7390	3620	6200	74	40	66	1560	718	1088	5865	2919	5140	39	23	38	187	135	154	90	86	89	64	38	47
2690	Karlslunde	3718	1987	3324	3525	1895	3144	193	92	180	470	354	419	3208	1616	2866	40	17	39	299	235	260	50	41	48	30	20	24
2700	Brønshøj	21107	9372	15729	21107	9372	15729	0	0	0	15082	7089	10570	6025	2283	5159	0	0	0	238	200	221	274	253	262	110	104	105
2720	Vanløse	17079	7093	12922	17079	7093	12922	0	0	0	13233	5683	9575	3846	1410	3347	0	0	0	295	243	264	317	299	310	1	1	1
2730	Herlev	13726	6068	11473	13639	6032	11392	87	36	81	6341	2733	4657	7384	3334	6815	1	1	1	837	752	795	200	194	198	1147	1118	1122
2740	Skovlunde	5788	2607	4918	5760	2586	4893	28	21	25	3143	1368	2471	2645	1239	2447	0	0	0	231	199	216	68	65	67	1211	1161	1181
2750	Ballerup	14530	6536	12194	14406	6477	12084	124	59	110	8034	3688	6315	6485	2844	5871	11	4	8	603	536	562	222	215	218	2134	2061	2098
2760	Måløv	2517	1014	2143	2507	1007	2133	10	7	10	1059	447	800	1457	567	1342	1	0	1	109	94	102	38	38	38	0	0	0
2765	Smørum	4715	1886	4082	4009	1597	3484	706	289	598	499	185	391	4111	1644	3593	105	57	98	127	99	113	20	19	20	1	0	1
2770	Kastrup	18290	9412	15333	18208	9359	15256	82	53	77	9095	4601	7141	9179	4801	8176	16	10	16	729	643	681	315	288	302	2137	2081	2101
2791	Dragør	7247	3792	6582	6751	3474	6119	496	318	463	1235	645	1041	5947	3107	5478	65	40	63	222	192	215	83	74	77	1053	1006	1034
2800	Kongens Lyngby	21995	7966	16131	21899	7932	16045	96	34	86	13938	5294	9030	8055	2671	7099	2	1	2	694	472	566	487	466	473	0	0	0
2820	Gentofte	10907	4391	8757	10907	4391	8757	0	0	0	5944	2581	4422	4963	1810	4335	0	0	0	294	243	273	164	153	155	117	114	116
2830	Virum	9576	3302	8244	9573	3299	8241	3	3	3	3515	1361	2802	6061	1941	5442	0	0	0	188	135	163	94	82	92	0	0	0
2840	Holte	6704	2225	5502	6629	2197	5444	75	28	58	1963	801	1482	4736	1422	4018	5	2	2	305	223	259	98	89	93	70	68	70
2850	Nærum	4270	1709	3102	4249	1697	3085	21	12	17	2636	1054	1661	1634	655	1441	0	0	0	110	88	98	45	42	44	1	1	1
2860	Søborg	20487	8858	16441	20476	8850	16432	11	8	9	12921	5786	9805	7566	3072	6636	0	0	0	654	538	585	262	245	253	1512	1492	1498
2870	Dyssegård	2927	1192	2262	2927	1192	2262	0	0	0	1755	788	1267	1172	404	995	0	0	0	24	20	24	43	39	41	0	0	0
2880	Bagsværd	8138	3444	6794	8127	3438	6787	11	6	7	4034	1847	3093	4103	1596	3700	1	1	1	215	181	203	112	102	105	218	213	214
2900	Hellerup	11415	4190	8948	11412	4188	8945	3	2	3	6904	2616	5158	4511	1574	3790	0	0	0	477	350	410	313	297	302	1	1	1
2920	Charlottenlund	10721	4650	8844	10721	4650	8844	0	0	0	6362	2972	5079	4359	1678	3765	0	0	0	261	196	224	270	245	255	1	1	1
2930	Klampenborg	1869	814	1585	1853	804	1570	16	10	15	555	269	467	1314	545	1118	0	0	0	74	51	69	26	23	24	0	0	0
2942	Skodsborg	968	358	764	910	331	716	58	27	48	650	247	510	318	111	254	0	0	0	25	18	20	8	6	6	0	0	0
2950	Vedbæk	3424	1252	2771	3307	1197	2678	117	55	93	693	277	505	2721	972	2258	10	3	8	147	109	130	42	38	39	56	52	54
2960	Rungsted Kyst	2398	848	2149	2390	845	2143	8	3	6	407	155	349	1991	693	1800	0	0	0	64	46	59	56	54	55	6	3	5
2970	Hørsholm	9818	3838	8610	9323	3627	8164	495	211	446	3695	1537	3073	6056	2268	5476	67	33	61	481	401	448	214	202	208	161	140	155
2980	Kokkedal	4736	2239	4123	4371	2044	3791	365	195	332	1414	723	1086	3271	1490	2991	51	26	46	105	77	96	25	22	24	2	0	1
2990	Nivå	3854	1857	3333	3819	1838	3299	35	19	34	1006	588	817	2848	1269	2516	0	0	0	120	96	107	24	21	22	1	1	1
3000	Helsingør	16238	7775	13570	15853	7565	13222	385	210	348	10640	5054	8511	5525	2680	4993	73	41	66	563	452	507	425	398	408	367	346	354
3050	Humlebæk	4614	2064	3769	4475	2003	3655	139	61	114	1725	842	1307	2874	1214	2448	15	8	14	125	101	113	48	45	46	22	12	15
3060	Espergærde	5169	2199	4618	5075	2159	4535	94	40	83	1581	734	1346	3583	1463	3268	5	2	4	124	100	117	73	68	71	19	10	14
3070	Snekkersten	2574	1154	2335	2492	1108	2264	82	46	71	160	84	145	2411	1070	2187	3	0	3	20	14	20	16	15	16	3	3	3
3080	Tikøb	623	328	561	271	139	246	352	189	315	17	8	13	564	297	511	42	23	37	17	13	16	4	4	4	214	187	198
3100	Hornbæk	2598	1243	2315	1925	912	1731	673	331	584	193	91	152	2356	1133	2118	49	19	45	77	63	70	56	45	52	1834	1461	1614
3120	Dronningmølle	802	451	735	354	181	326	448	270	409	9	8	9	780	437	714	13	6	12	4	3	3	11	7	10	1247	1055	1127
3140	Ålsgårde	2198	974	1922	2138	940	1863	60	34	59	288	87	175	1898	878	1735	12	9	12	28	24	28	19	19	19	31	15	23
3150	Hellebæk	369	131	337	312	109	286	57	22	51	58	30	54	311	101	283	0	0	0	64	60	62	4	3	4	3	2	3
3200	Helsinge	6529	3288	6110	5059	2539	4717	1470	749	1393	548	345	471	5576	2741	5248	405	202	391	208	178	196	152	145	147	84	67	77
3210	Vejby	1622	902	1487	784	409	720	838	493	767	61	22	28	1499	852	1399	62	28	60	28	21	27	15	14	15	3265	2776	3032
3220	Tisvildeleje	858	381	807	540	227	512	318	154	295	40	15	36	810	363	764	8	3	7	19	13	19	11	8	10	1520	1215	1360
3230	Græsted	4085	2061	3778	2630	1331	2424	1455	730	1354	331	209	307	3418	1704	3165	336	148	306	115	87	107	35	29	33	1331	1152	1247
3250	Gilleleje	4561	2442	4308	3087	1578	2938	1474	864	1370	171	104	158	4293	2281	4056	97	57	94	158	118	149	98	88	94	3116	2703	2900
3300	Frederiksværk	7458	4266	6911	6311	3660	5874	1147	606	1037	1511	866	1300	5902	3377	5569	45	23	42	205	174	197	134	130	132	2431	1972	2196
3310	Ølsted	1663	948	1516	843	449	761	820	499	755	26	15	20	1557	889	1422	80	44	74	22	18	21	10	9	10	772	683	718
3320	Skævinge	2093	1050	1891	1626	804	1458	467	246	433	97	30	43	1787	913	1653	209	107	195	87	70	78	21	18	19	12	11	11
3330	Gørløse	571	298	522	457	239	418	114	59	104	22	18	21	489	253	447	60	27	54	26	22	23	9	8	8	1	0	0
3360	Liseleje	688	384	635	518	292	483	170	92	152	40	22	35	647	361	599	1	1	1	3	3	3	26	24	25	1185	1024	1115
3370	Melby	880	512	832	352	192	339	528	320	493	29	0	29	818	491	770	33	21	33	7	6	6	2	2	2	1214	1051	1128
3390	Hundested	4714	2601	4452	4209	2341	3990	505	260	462	501	302	457	4143	2260	3929	70	39	66	127	102	120	77	64	73	1523	1268	1427
3400	Hillerød	18230	7904	16027	17231	7387	15113	999	517	914	7692	3560	6327	10281	4208	9461	257	136	239	962	780	890	450	425	433	367	354	361
3450	Allerød	8497	3034	7635	8094	2875	7266	403	159	369	1887	863	1570	6557	2143	6015	53	28	50	347	279	321	98	83	90	64	42	46
3460	Birkerød	9801	3457	8440	9458	3316	8141	343	141	299	3753	1608	2955	6015	1836	5454	33	13	31	463	384	426	148	136	141	35	30	32
3480	Fredensborg	5826	2449	5007	4922	1999	4208	904	450	799	761	317	565	4946	2074	4335	119	58	107	261	197	230	68	59	62	62	46	55
3490	Kvistgård	656	343	589	420	213	375	236	130	214	15	6	13	596	312	535	45	25	41	159	146	151	9	8	8	212	206	207
3500	Værløse	8610	2927	7540	8481	2879	7430	129	48	110	1943	836	1541	6636	2078	5968	31	13	31	304	247	291	86	82	86	5	2	4
3520	Farum	8875	3516	7722	8688	3432	7545	187	84	177	3330	1651	2661	5527	1854	5044	18	11	17	355	286	329	115	104	112	12	5	10
3540	Lynge	2117	904	1906	1747	724	1573	370	180	333	114	45	60	1915	818	1765	88	41	81	169	131	155	22	21	22	4	2	2
3550	Slangerup	4207	1957	3741	3432	1572	3059	775	385	682	218	110	172	3852	1780	3440	137	67	129	162	121	146	52	47	51	142	117	125
3600	Frederikssund	9523	4540	8604	8800	4158	7921	723	382	683	2861	1530	2435	6477	2920	5992	185	90	177	367	316	354	269	261	266	5	3	3
3630	Jægerspris	4159	2375	3815	2281	1209	2065	1878	1166	1750	254	126	178	3754	2168	3495	151	81	142	79	58	74	31	28	31	3938	3470	3660
3650	Ølstykke	6647	3002	6053	6249	2777	5678	398	225	375	680	356	578	5878	2596	5389	89	50	86	261	226	249	67	57	66	21	20	21
3660	Stenløse	4840	2082	4310	4442	1872	3945	398	210	365	388	168	299	4289	1831	3856	163	83	155	262	191	237	82	80	80	13	9	10
3670	Veksø Sjælland	1242	520	1054	786	275	639	456	245	415	62	44	53	1078	432	906	102	44	95	20	13	20	7	6	6	75	68	73
3700	Rønne	9387	6906	8814	8322	6184	7842	1065	722	972	1286	964	1161	7779	5717	7337	322	225	316	428	381	403	188	179	184	275	249	259
3720	Aakirkeby	2582	1881	2395	1454	1077	1339	1128	804	1056	69	42	50	2204	1612	2042	309	227	303	93	77	85	41	36	39	901	839	872
3730	Nexø	3057	2202	2897	2441	1783	2312	616	419	585	127	96	119	2825	2035	2678	105	71	100	152	140	146	87	79	85	1300	1200	1239
3740	Svaneke	1192	677	1079	984	552	881	208	125	198	63	26	42	1085	624	995	44	27	42	45	38	41	37	34	36	371	292	322
3751	Østermarie	660	439	615	216	158	205	444	281	410	1	0	1	506	337	469	153	102	145	16	15	16	11	9	10	77	63	66
3760	Gudhjem	1139	769	1069	466	333	440	673	436	629	44	39	40	959	645	893	136	85	136	70	50	58	50	40	45	469	426	441
3770	Allinge	1662	1112	1551	1367	917	1272	295	195	279	85	63	79	1536	1023	1433	41	26	39	107	91	103	74	68	73	940	851	879
3782	Klemensker	558	418	542	311	246	305	247	172	237	0	0	0	494	374	479	64	44	63	15	15	15	5	4	4	17	14	15
3790	Hasle	1275	948	1217	927	720	889	348	228	328	34	29	31	1172	872	1118	69	47	68	50	42	43	26	21	24	380	337	357
4000	Roskilde	34187	14434	29026	31971	13355	27022	2216	1079	2004	15182	6570	11540	18526	7638	17046	479	226	440	1535	1165	1379	706	640	670	673	632	656
4030	Tune	2241	1213	2029	2096	1129	1897	145	84	132	17	4	7	2164	1174	1964	60	35	58	58	43	53	33	31	32	0	0	0
4040	Jyllinge	4161	1971	3705	4137	1959	3682	24	12	23	65	16	28	4087	1949	3668	9	6	9	85	63	72	38	34	36	118	88	102
4050	Skibby	3310	2123	3056	1913	1223	1746	1397	900	1310	263	140	180	2735	1783	2573	312	200	303	97	73	87	44	42	43	1048	924	978
4060	Kirke Såby	1679	973	1564	1046	613	974	633	360	590	24	17	19	1533	897	1431	122	59	114	59	41	57	20	17	18	85	75	78
4070	Kirke Hyllinge	3457	2024	3166	2247	1293	2062	1210	731	1104	70	33	36	3206	1900	2964	181	91	166	109	80	100	16	15	16	1152	1036	1091
4130	Viby Sjælland	2549	1479	2358	1949	1130	1794	600	349	564	179	95	140	2190	1273	2047	180	111	171	78	66	72	35	28	32	0	0	0
4140	Borup	2811	1435	2374	2290	1162	1890	521	273	484	564	305	420	2099	1060	1811	148	70	143	76	61	65	31	30	30	45	38	40
4160	Herlufmagle	2178	1290	2033	1465	864	1358	713	426	675	16	15	16	1908	1135	1774	254	140	243	61	46	56	9	7	8	2	0	0
4190	Munke Bjergby	408	246	377	17	15	17	391	231	360	16	16	16	295	174	269	97	56	92	8	7	8	0	0	0	39	38	39
4200	Slagelse	22484	11989	19277	18547	9867	15678	3937	2122	3599	8832	4799	6889	12731	6727	11519	921	463	869	758	618	694	419	400	407	2536	2221	2378
4220	Korsør	9086	5146	8178	8922	5066	8028	164	80	150	3634	2240	3135	5391	2876	4985	61	30	58	224	193	209	135	127	133	787	690	740
4230	Skælskør	4358	2407	4030	3470	1934	3201	888	473	829	1032	638	907	3103	1650	2908	223	119	215	132	112	129	85	80	83	183	138	156
4241	Vemmelev	1401	740	1301	1094	575	1017	307	165	284	39	33	37	1241	643	1151	121	64	113	55	45	52	9	8	9	2	2	2
4242	Boeslunde	530	283	479	317	159	271	213	124	208	31	2	3	442	248	420	57	33	56	10	10	10	2	2	2	0	0	0
4243	Rude	585	298	539	389	194	359	196	104	180	17	17	17	526	259	480	42	22	42	7	6	7	7	6	7	311	260	278
4244	Agersø	111	61	100	79	42	72	32	19	28	0	0	0	91	48	83	20	13	17	6	5	5	3	3	3	94	81	84
4245	Omø	91	57	82	48	29	45	43	28	37	0	0	0	78	46	69	13	11	13	6	6	6	1	1	1	133	106	114
4250	Fuglebjerg	1971	1252	1792	1207	808	1105	764	444	687	41	29	31	1678	1076	1532	252	147	229	47	35	42	34	29	32	2	2	2
4261	Dalmose	914	551	841	416	255	384	498	296	457	8	8	8	746	454	678	160	89	155	26	23	25	9	9	9	0	0	0
4262	Sandved	990	657	923	470	317	431	520	340	492	33	28	30	806	528	747	151	101	146	17	12	17	3	2	2	6	3	5
4270	Høng	3106	1789	2760	2315	1342	2048	791	447	712	313	196	239	2519	1432	2262	274	161	259	104	79	91	51	43	49	1	0	0
4281	Gørlev	2467	1406	2210	1717	968	1508	750	438	702	197	85	122	2089	1216	1914	181	105	174	68	58	62	39	34	35	1187	1077	1121
4291	Ruds Vedby	1312	816	1200	777	524	726	535	292	474	42	36	38	1104	685	1010	166	95	152	25	18	23	11	9	11	5	4	4
4293	Dianalund	2802	1725	2494	2019	1240	1761	783	485	733	403	189	238	2182	1412	2051	217	124	205	95	79	87	43	40	42	27	21	25
4295	Stenlille	1643	1063	1501	1001	669	912	642	394	589	99	56	67	1388	915	1291	156	92	143	43	37	40	22	21	21	52	38	45
4296	Nyrup	306	193	286	6	5	6	300	188	280	12	11	12	243	155	223	51	27	51	6	5	6	0	0	0	0	0	0
4300	Holbæk	16657	8824	14313	14822	7675	12628	1835	1149	1685	6563	3507	5104	9741	5107	8885	353	210	324	685	584	637	385	362	371	1486	1385	1430
4305	Orø	480	286	423	46	23	40	434	263	383	6	5	6	439	262	385	35	19	32	21	13	16	2	2	2	723	642	678
4320	Lejre	2237	982	2014	1698	712	1509	539	270	505	75	3	6	2028	909	1885	134	70	123	97	63	85	19	16	18	1	1	1
4340	Tølløse	2909	1604	2643	2078	1128	1889	831	476	754	226	123	166	2483	1374	2286	200	107	191	110	78	97	31	29	29	6	6	6
4350	Ugerløse	711	459	658	418	258	378	293	201	280	1	0	0	571	366	521	139	93	137	15	12	14	4	2	3	2	0	2
4390	Vipperød	1407	785	1278	1039	546	942	368	239	336	90	83	87	1236	650	1115	81	52	76	25	20	21	6	5	5	13	11	12
4400	Kalundborg	11554	5866	10206	9665	4945	8501	1889	921	1705	3012	1696	2417	8010	3888	7290	532	282	499	421	339	383	210	196	203	1850	1600	1706
4420	Regstrup	1487	924	1352	881	547	803	606	377	549	42	31	36	1257	776	1136	188	117	180	44	38	41	10	8	8	49	42	45
4440	Mørkøv	2084	1314	1844	1359	852	1200	725	462	644	122	63	78	1711	1099	1543	251	152	223	53	39	42	19	18	18	2	2	2
4450	Jyderup	3035	1763	2687	2098	1247	1857	937	516	830	397	215	281	2383	1408	2168	255	140	238	121	95	111	57	53	56	11	5	7
4460	Snertinge	641	378	550	430	254	362	211	124	188	14	12	13	552	325	471	75	41	66	15	11	14	8	8	8	2	1	1
4470	Svebølle	1532	863	1380	910	533	819	622	330	561	31	26	27	1398	787	1258	103	50	95	40	32	34	18	13	17	11	7	9
4480	Store Fuglede	496	275	449	122	65	108	374	210	341	0	0	0	425	240	383	71	35	66	8	5	8	3	2	3	1256	1141	1210
4490	Jerslev Sjælland	1239	673	1082	905	491	782	334	182	300	84	25	36	1050	592	950	105	56	96	39	28	35	5	3	4	2	1	2
4500	Nykøbing Sj	5052	3271	4604	3297	2104	2986	1755	1167	1618	740	439	606	4099	2704	3801	213	128	197	159	141	151	117	111	114	6753	6217	6490
4520	Svinninge	2146	1378	1882	1719	1110	1495	427	268	387	232	147	163	1764	1141	1576	150	90	143	58	44	54	23	21	22	0	0	0
4532	Gislinge	863	520	764	571	342	499	292	178	265	5	5	5	768	463	678	90	52	81	17	12	16	7	6	6	1	1	1
4534	Hørve	1636	1151	1501	1050	742	943	586	409	558	136	84	101	1314	942	1216	186	125	184	47	39	44	15	13	13	127	122	123
4540	Fårevejle	1735	1237	1643	1130	808	1073	605	429	570	53	41	46	1547	1111	1472	135	85	125	56	45	50	25	23	25	2221	2014	2125
4550	Asnæs	2046	1290	1913	1535	981	1440	511	309	473	215	149	196	1719	1080	1610	112	61	107	77	70	73	60	55	59	857	782	813
4560	Vig	1712	1181	1570	782	522	704	930	659	866	50	40	48	1467	1006	1333	195	135	189	49	46	48	37	33	36	2131	1955	2034
4571	Grevinge	1188	830	1088	304	193	258	884	637	830	6	6	6	1029	717	936	153	107	146	21	19	21	12	11	11	724	686	706
4572	Nørre Asmindrup	505	358	477	275	189	255	230	169	222	15	12	14	412	292	385	78	54	78	11	8	10	4	2	3	4	3	4
4573	Højby	1343	899	1189	818	512	702	525	387	487	29	22	24	1212	802	1065	102	75	100	36	26	33	13	11	12	2969	2776	2872
4581	Rørvig	748	483	677	594	379	539	154	104	138	18	8	10	714	468	654	16	7	13	25	20	21	12	9	10	2158	1958	2059
4583	Sjællands Odde	701	472	634	302	199	271	399	273	363	20	19	20	631	425	568	50	28	46	21	17	20	11	7	10	2456	2266	2352
4591	Føllenslev	809	479	747	418	242	394	391	237	353	0	0	0	753	443	698	56	36	49	20	16	18	10	9	10	668	613	636
4592	Sejerø	240	202	220	128	105	115	112	97	105	0	0	0	206	171	186	34	31	34	14	11	12	5	4	4	414	384	396
4593	Eskebjerg	619	360	565	0	0	0	619	360	565	34	19	28	471	292	434	114	49	103	11	9	9	5	4	4	1120	1035	1081
4600	Køge	17668	9436	15751	16666	8906	14822	1002	530	929	6714	3735	5627	10837	5638	10010	117	63	114	806	658	732	432	395	415	413	392	402
4621	Gadstrup	1325	688	1225	998	513	927	327	175	298	0	0	0	1211	621	1117	114	67	108	74	59	65	11	9	11	13	12	13
4622	Havdrup	2052	1078	1758	1735	915	1484	317	163	274	15	13	13	1964	1025	1678	73	40	67	91	73	86	28	24	27	0	0	0
4623	Lille Skensved	2301	1178	2046	1905	967	1682	396	211	364	38	21	32	2151	1100	1910	112	57	104	67	55	62	14	12	13	1	1	1
4632	Bjæverskov	2117	1149	1934	1778	949	1619	339	200	315	9	5	7	1972	1071	1803	136	73	124	63	51	56	21	19	20	5	5	5
4640	Faxe	3214	2049	2914	2014	1335	1852	1200	714	1062	584	373	478	2427	1560	2248	203	116	188	129	103	121	54	49	52	176	165	172
4652	Hårlev	2348	1461	2198	1394	899	1307	954	562	891	32	13	15	2130	1332	2007	186	116	176	79	61	76	25	23	24	1	1	1
4653	Karise	1654	1055	1511	1052	677	957	602	378	554	74	28	36	1440	942	1339	140	85	136	42	26	35	14	12	13	14	12	13
4654	Faxe Ladeplads	1545	971	1439	1333	843	1239	212	128	200	88	58	79	1434	902	1338	23	11	22	41	34	41	15	14	15	447	410	432
4660	Store Heddinge	3070	2066	2956	1751	1205	1687	1319	861	1269	222	160	206	2567	1725	2477	281	181	273	106	92	99	71	67	70	19	16	17
4671	Strøby	1003	664	929	30	22	29	973	642	900	16	9	13	906	604	838	81	51	78	9	8	8	6	5	5	385	341	367
4672	Klippinge	673	436	645	270	186	259	403	250	386	53	41	52	532	341	507	88	54	86	21	19	19	4	3	4	7	5	5
4673	Rødvig Stevns	1368	831	1301	836	512	797	532	319	504	38	27	36	1266	772	1203	64	32	62	30	28	29	12	8	12	429	398	411
4681	Herfølge	2889	1598	2543	2632	1458	2302	257	140	241	145	43	62	2675	1519	2417	69	36	64	126	104	115	25	19	23	0	0	0
4683	Rønnede	1568	998	1464	1113	735	1058	455	263	406	54	34	36	1362	873	1285	152	91	143	76	66	74	14	14	14	4	4	4
4684	Holmegaard	3647	2186	3373	2880	1716	2666	767	470	707	59	20	31	3435	2075	3193	153	91	149	77	61	69	27	24	26	5	4	4
4700	Næstved	26712	14768	23411	24279	13383	21150	2433	1385	2261	9281	5087	7403	16895	9389	15498	536	292	510	1067	902	986	569	528	545	17	14	17
4720	Præstø	3759	2248	3494	2223	1349	2042	1536	899	1452	512	317	450	3085	1842	2890	162	89	154	117	87	111	75	67	74	454	397	426
4733	Tappernøje	1511	919	1397	763	499	706	748	420	691	20	12	16	1358	844	1252	133	63	129	32	23	27	15	14	15	7	6	6
4735	Mern	968	612	913	472	322	451	496	290	462	51	18	48	803	523	755	114	71	110	25	18	20	3	3	3	127	113	118
4736	Karrebæksminde	1197	752	1124	769	459	726	428	293	398	19	10	16	1154	727	1085	24	15	23	19	16	16	16	14	15	1675	1524	1579
4750	Lundby	1549	944	1454	586	344	549	963	600	905	20	11	15	1311	797	1231	218	136	208	34	19	28	13	12	13	182	156	167
4760	Vordingborg	9580	5673	8711	8479	4968	7668	1101	705	1043	2234	1281	1861	7154	4273	6667	192	119	183	332	274	316	212	195	204	758	687	715
4771	Kalvehave	797	484	748	617	367	581	180	117	167	8	6	8	761	459	712	28	19	28	13	10	11	7	6	7	78	70	74
4772	Langebæk	384	229	347	2	2	2	382	227	345	0	0	0	339	200	304	45	29	43	10	8	9	0	0	0	30	26	27
4773	Stensved	837	548	802	681	464	656	156	84	146	33	24	32	773	507	742	31	17	28	17	16	17	10	8	10	5	5	5
4780	Stege	3818	2408	3597	2409	1541	2263	1409	867	1334	459	297	390	3084	1948	2942	275	163	265	127	98	124	91	79	87	1333	1178	1268
4791	Borre	653	392	592	246	146	208	407	246	384	31	1	2	542	339	517	80	52	73	15	14	14	10	9	10	134	90	109
4792	Askeby	711	394	640	291	165	244	420	229	396	46	9	9	530	302	499	135	83	132	17	14	17	4	4	4	168	137	156
4793	Bogø By	572	376	538	340	214	318	232	162	220	3	2	2	529	348	497	40	26	39	10	7	10	2	2	2	349	319	336
4800	Nykøbing F	13938	8451	12509	12661	7709	11300	1277	742	1209	5147	3130	4332	8602	5232	7995	189	89	182	572	478	526	349	319	333	56	42	50
4840	Nørre Alslev	2926	1843	2702	1397	873	1276	1529	970	1426	37	24	34	2635	1665	2427	254	154	241	107	85	95	43	40	42	32	24	29
4850	Stubbekøbing	2129	1311	1931	1317	832	1181	812	479	750	127	77	96	1895	1183	1732	107	51	103	73	52	63	35	34	34	334	299	315
4862	Guldborg	669	451	620	67	42	60	602	409	560	0	0	0	603	414	558	66	37	62	13	11	12	8	6	8	21	18	21
4863	Eskilstrup	1105	714	1028	727	475	668	378	239	360	33	4	5	985	658	936	87	52	87	18	15	18	7	7	7	7	4	5
4871	Horbelev	679	427	628	275	193	259	404	234	369	1	1	1	621	394	572	57	32	55	13	11	11	4	4	4	30	22	25
4872	Idestrup	838	553	765	569	372	518	269	181	247	36	16	16	764	511	714	38	26	35	14	10	12	8	5	8	808	734	767
4873	Væggerløse	1631	1069	1550	652	420	624	979	649	926	11	9	10	1575	1027	1496	45	33	44	55	47	54	33	30	33	4165	3833	3973
4874	Gedser	788	521	721	529	353	489	259	168	232	8	5	6	753	500	689	27	16	26	20	16	19	11	9	11	975	920	947
4880	Nysted	1366	808	1225	818	483	726	548	325	499	112	83	101	1185	696	1055	69	29	69	40	32	36	17	16	17	231	197	210
4891	Toreby L	800	527	736	355	223	310	445	304	426	61	49	53	660	428	608	79	50	75	23	20	21	5	4	5	5	4	5
4892	Kettinge	691	457	649	179	125	165	512	332	484	16	12	14	597	400	557	78	45	78	19	14	17	4	3	4	17	12	14
4894	Øster Ulslev	450	295	427	0	0	0	450	295	427	4	4	4	403	266	380	43	25	43	8	6	8	6	5	6	24	21	23
4895	Errindlev	322	239	304	0	0	0	322	239	304	0	0	0	291	216	273	31	23	31	3	3	3	2	2	2	22	17	18
4900	Nakskov	8917	6398	8314	7511	5362	6970	1406	1036	1344	1838	1307	1633	6890	4952	6498	189	139	183	274	241	259	182	169	177	463	421	436
4912	Harpelunde	376	292	358	23	18	22	353	274	336	0	0	0	349	275	333	27	17	25	5	4	5	0	0	0	33	29	32
4913	Horslunde	1061	723	976	345	243	301	716	480	675	3	0	0	960	659	879	98	64	97	20	17	20	10	9	10	98	71	81
4920	Søllested	1240	826	1128	719	464	643	521	362	485	13	10	13	1109	731	1000	118	85	115	35	24	31	12	11	12	24	21	21
4930	Maribo	4432	2983	4094	3112	2072	2855	1320	911	1239	880	593	747	3419	2305	3218	133	85	129	216	176	195	120	113	117	18	13	15
4941	Bandholm	532	368	489	322	220	291	210	148	198	11	9	9	493	341	454	28	18	26	16	13	15	3	2	2	17	14	15
4942	Askø	33	20	28	0	0	0	33	20	28	0	0	0	27	15	22	6	5	6	0	0	0	2	2	2	163	157	163
4943	Torrig L	304	226	289	1	0	1	303	226	288	0	0	0	278	207	264	26	19	25	7	4	4	2	1	2	31	28	28
4944	Fejø	313	233	294	1	1	1	312	232	293	0	0	0	280	211	261	33	22	33	6	5	5	5	4	4	249	223	235
4945	Femø	78	57	74	0	0	0	78	57	74	0	0	0	63	45	59	15	12	15	3	2	3	2	2	2	130	115	124
4951	Nørreballe	334	223	318	14	12	13	320	211	305	1	1	1	308	207	294	25	15	23	6	5	6	4	3	4	1	1	1
4952	Stokkemarke	480	332	451	219	158	207	261	174	244	0	0	0	425	293	399	55	39	52	16	15	16	2	2	2	7	6	6
4953	Vesterborg	221	155	205	1	1	1	220	154	204	0	0	0	185	131	170	36	24	35	4	4	4	0	0	0	26	24	25
4960	Holeby	1262	912	1194	773	581	726	489	331	468	27	20	22	1168	852	1106	67	40	66	48	42	45	14	14	14	8	6	8
4970	Rødby	3066	2119	2783	2221	1540	1986	845	579	797	337	237	301	2585	1798	2343	144	84	139	111	103	106	50	46	49	815	743	770
4983	Dannemare	721	525	695	150	107	144	571	418	551	0	0	0	634	465	610	87	60	85	22	19	21	8	5	8	765	727	748
4990	Sakskøbing	4112	2729	3757	2483	1622	2264	1629	1107	1493	754	435	582	3140	2152	2970	218	142	205	122	103	116	65	62	65	16	13	13
5000	Odense C	31681	14530	22896	31680	14530	22895	1	0	1	23998	11304	16631	7682	3226	6264	1	0	1	1473	1221	1313	932	843	871	205	201	202
5200	Odense V	5390	2556	3991	5194	2450	3813	196	106	178	3337	1555	2186	2018	982	1772	35	19	33	101	85	88	57	50	54	234	234	234
5210	Odense NV	8419	4030	7144	8279	3963	7022	140	67	122	1047	442	651	7315	3559	6443	57	29	50	134	104	121	90	83	86	1	1	1
5220	Odense SØ	9475	4670	7523	8894	4379	7014	581	291	509	2638	1519	1970	6716	3098	5444	121	53	109	466	393	419	192	184	186	214	210	212
5230	Odense M	9709	3430	7032	9709	3430	7032	0	0	0	4730	1644	3009	4979	1786	4023	0	0	0	239	182	199	84	76	78	3	3	3
5240	Odense NØ	7350	4211	6028	7054	4055	5763	296	156	265	3188	1905	2447	4138	2292	3560	24	14	21	87	71	75	54	48	54	212	206	206
5250	Odense SV	10503	4709	8990	9802	4343	8384	701	366	606	1161	589	830	9212	4050	8043	130	70	117	317	246	284	125	106	119	39	39	39
5260	Odense S	8587	3873	7090	7957	3570	6521	630	303	569	1660	714	1141	6807	3101	5837	120	58	112	392	335	364	69	58	64	126	121	123
5270	Odense N	8603	4259	7261	7824	3860	6577	779	399	684	910	480	650	7462	3669	6404	231	110	207	146	108	134	62	54	59	4	3	3
5290	Marslev	513	259	476	204	112	186	309	147	290	11	7	9	434	225	402	68	27	65	21	10	17	3	2	3	0	0	0
5300	Kerteminde	4139	1848	3777	3381	1512	3064	758	336	713	957	423	780	3054	1363	2874	128	62	123	131	105	119	86	79	82	488	460	471
5320	Agedrup	1337	721	1197	1243	663	1106	94	58	91	23	15	16	1281	686	1148	33	20	33	16	15	16	9	8	9	0	0	0
5330	Munkebo	2839	1522	2557	2661	1418	2392	178	104	165	281	164	236	2506	1327	2271	52	31	50	150	128	141	26	24	25	84	76	79
5350	Rynkeby	387	208	368	265	150	256	122	58	112	25	22	25	336	175	317	26	11	26	11	11	11	4	2	3	0	0	0
5370	Mesinge	430	225	396	141	74	126	289	151	270	2	1	2	361	185	330	67	39	64	8	4	8	4	4	4	234	221	227
5380	Dalby	259	142	245	157	95	149	102	47	96	1	1	1	222	126	209	36	15	35	6	5	6	3	3	3	48	45	45
5390	Martofte	219	108	204	0	0	0	219	108	204	0	0	0	183	96	170	36	12	34	0	0	0	2	2	2	547	498	525
5400	Bogense	3429	1920	3200	2103	1176	1966	1326	744	1234	351	200	292	2804	1569	2646	274	151	262	98	76	94	66	60	64	485	449	463
5450	Otterup	5130	2900	4826	2599	1469	2428	2531	1431	2398	354	206	295	4135	2346	3910	641	348	621	146	115	140	69	60	69	2388	2239	2310
5462	Morud	1051	472	946	697	312	618	354	160	328	0	0	0	955	426	853	96	46	93	16	10	14	6	6	6	1	1	1
5463	Harndrup	685	394	629	269	162	249	416	232	380	0	0	0	575	331	526	110	63	103	21	13	19	3	2	3	0	0	0
5464	Brenderup Fyn	1031	610	954	466	274	430	565	336	524	30	14	15	874	521	820	127	75	119	24	14	18	11	9	10	387	362	377
5466	Asperup	724	390	683	342	178	323	382	212	360	4	4	4	619	330	582	101	56	97	9	5	8	7	6	7	266	247	257
5471	Søndersø	3197	1730	3006	1968	1046	1848	1229	684	1158	96	33	89	2711	1481	2543	390	216	374	121	87	108	37	31	36	0	0	0
5474	Veflinge	568	330	540	373	216	355	195	114	185	0	0	0	492	291	469	76	39	71	13	5	10	4	4	4	0	0	0
5485	Skamby	350	198	330	184	107	175	166	91	155	0	0	0	285	158	268	65	40	62	9	7	9	3	3	3	0	0	0
5491	Blommenslyst	560	291	488	4	2	3	556	289	485	3	3	3	455	238	392	102	50	93	21	13	19	11	7	11	0	0	0
5492	Vissenbjerg	2820	1439	2527	2068	1067	1840	752	372	687	183	84	110	2375	1232	2170	262	123	247	110	91	106	43	32	41	2	1	1
5500	Middelfart	10754	5137	9559	9886	4664	8756	868	473	803	1995	886	1512	8549	4126	7845	210	125	202	411	343	380	214	186	200	376	347	360
5540	Ullerslev	2398	1376	2219	1466	855	1345	932	521	874	113	57	69	1955	1142	1834	330	177	316	55	42	52	22	17	21	39	37	38
5550	Langeskov	2621	1314	2344	2109	1051	1886	512	263	458	168	72	99	2341	1189	2142	112	53	103	92	69	86	44	37	44	4	2	2
5560	Aarup	2697	1353	2436	1583	802	1427	1114	551	1009	130	48	78	2321	1180	2129	246	125	229	89	71	80	37	33	36	6	6	6
5580	Nørre Aaby	2032	1110	1828	1411	806	1290	621	304	538	234	95	139	1643	929	1538	155	86	151	85	65	77	26	21	24	40	38	40
5591	Gelsted	1227	690	1083	642	362	559	585	328	524	57	23	26	1059	606	949	111	61	108	30	19	26	9	8	9	6	4	5
5592	Ejby	1635	914	1483	1016	573	903	619	341	580	128	57	79	1351	760	1252	156	97	152	75	56	72	22	18	20	7	3	4
5600	Faaborg	7891	4005	7301	5853	3013	5371	2038	992	1930	1188	635	949	6159	3121	5825	544	249	527	286	217	267	159	139	152	1015	928	977
5601	Lyø	53	39	50	0	0	0	53	39	50	0	0	0	34	25	31	19	14	19	0	0	0	0	0	0	38	37	37
5602	Avernakø	58	33	55	1	1	1	57	32	54	0	0	0	35	19	32	23	14	23	0	0	0	0	0	0	63	59	61
5603	Bjørnø	15	10	15	0	0	0	15	10	15	0	0	0	7	5	7	8	5	8	1	1	1	0	0	0	10	10	10
5610	Assens	4787	2712	4394	3598	2024	3251	1189	688	1143	1178	682	960	3386	1917	3217	223	113	217	126	105	123	112	108	111	287	252	270
5620	Glamsbjerg	2779	1544	2606	1748	990	1645	1031	554	961	101	51	63	2413	1346	2287	265	147	256	92	65	87	41	35	38	9	7	9
5631	Ebberup	794	480	763	367	244	355	427	236	408	0	0	0	704	429	675	90	51	88	12	12	12	7	6	7	216	191	199
5642	Millinge	634	296	549	417	208	379	217	88	170	37	6	6	556	273	504	41	17	39	15	10	10	4	2	2	188	170	181
5672	Broby	2884	1527	2597	1751	937	1554	1133	590	1043	32	19	27	2457	1303	2207	395	205	363	69	47	65	30	20	29	7	6	6
5683	Haarby	2370	1231	2225	1303	684	1204	1067	547	1021	32	11	27	2142	1120	2007	196	100	191	80	58	72	25	22	24	165	136	146
5690	Tommerup	3580	1761	3230	2643	1307	2363	937	454	867	82	26	38	3176	1575	2884	322	160	308	120	83	112	46	35	43	13	10	11
5700	Svendborg	21458	9294	18428	19686	8474	16775	1772	820	1653	5712	2684	4195	15307	6394	13813	439	216	420	783	618	709	466	420	449	465	397	430
5750	Ringe	5660	2791	5160	3277	1616	2982	2383	1175	2178	680	327	488	4396	2174	4114	584	290	558	224	173	205	102	95	101	5	4	4
5762	Vester Skerninge	2212	907	1920	1502	604	1271	710	303	649	92	14	19	1879	805	1678	241	88	223	44	32	40	20	15	18	17	10	15
5771	Stenstrup	1913	993	1761	970	511	907	943	482	854	36	15	20	1641	855	1521	236	123	220	49	30	44	14	14	14	2	2	2
5772	Kværndrup	1250	620	1083	866	424	726	384	196	357	63	26	38	1061	532	925	126	62	120	44	28	35	14	10	13	3	1	2
5792	Årslev	3600	1607	3212	2724	1210	2416	876	397	796	78	14	22	3260	1471	2949	262	122	241	106	78	100	30	26	29	1	1	1
5800	Nyborg	10225	5140	9292	8973	4479	8110	1252	661	1182	3449	1744	2906	6576	3289	6193	200	107	193	318	264	298	201	188	198	379	309	337
5853	Ørbæk	2235	1188	2044	1509	813	1361	726	375	683	103	33	46	1761	974	1645	371	181	353	54	38	46	26	19	23	3	3	3
5854	Gislev	933	484	834	656	350	570	277	134	264	13	9	13	817	426	720	103	49	101	25	20	22	8	4	7	0	0	0
5856	Ryslinge	1043	550	971	856	463	798	187	87	173	13	7	10	989	522	922	41	21	39	27	16	25	10	7	10	0	0	0
5863	Ferritslev Fyn	769	362	637	627	300	513	142	62	124	6	5	6	726	338	598	37	19	33	17	13	15	7	5	6	0	0	0
5871	Frørup	721	387	679	185	106	176	536	281	503	0	0	0	565	303	528	156	84	151	11	8	10	6	3	5	210	187	200
5874	Hesselager	1167	559	1016	697	330	585	470	229	431	98	25	30	930	461	853	139	73	133	23	17	22	16	11	13	215	202	208
5881	Skårup Fyn	1278	540	1130	944	398	818	334	142	312	37	14	22	1113	474	985	128	52	123	35	19	30	10	8	8	19	17	19
5882	Vejstrup	394	184	350	172	70	142	222	114	208	0	0	0	316	148	276	78	36	74	11	3	9	1	1	1	41	37	40
5883	Oure	421	190	391	223	100	202	198	90	189	5	4	4	329	150	303	87	36	84	16	8	14	11	8	11	8	7	7
5884	Gudme	586	293	524	414	198	361	172	95	163	16	6	9	495	246	441	75	41	74	22	16	21	4	3	4	0	0	0
5892	Gudbjerg Sydfyn	511	256	477	223	111	207	288	145	270	0	0	0	401	209	377	110	47	100	10	9	10	4	4	4	2	1	1
5900	Rudkøbing	4074	2338	3775	2990	1697	2732	1084	641	1043	573	315	463	3305	1906	3119	196	117	193	121	99	115	112	101	110	455	372	426
5932	Humble	967	607	919	443	278	409	524	329	510	0	0	0	840	526	792	127	81	127	23	15	22	22	16	21	1217	1099	1157
5935	Bagenkop	390	234	374	250	152	244	140	82	130	7	3	7	346	208	330	37	23	37	16	15	15	9	8	9	191	155	179
5943	Strynø	92	49	85	1	0	1	91	49	84	0	0	0	66	35	62	26	14	23	2	1	2	2	2	2	80	68	70
5953	Tranekær	1679	972	1560	872	507	798	807	465	762	84	37	42	1470	865	1396	125	70	122	38	25	35	23	17	23	1331	1153	1265
5960	Marstal	1866	1150	1705	1430	861	1287	436	289	418	308	143	203	1484	960	1429	74	47	73	71	58	67	50	39	45	328	184	280
5965	Birkholm	5	5	5	0	0	0	5	5	5	0	0	0	5	5	5	0	0	0	0	0	0	0	0	0	13	12	12
5970	Ærøskøbing	1449	883	1362	607	348	541	842	535	821	120	30	65	1064	690	1034	265	163	263	69	60	66	49	40	49	305	261	292
5985	Søby Ærø	481	318	466	273	182	263	208	136	203	0	0	0	431	284	416	50	34	50	17	16	17	12	8	10	137	115	129
6000	Kolding	31087	14906	25976	30229	14483	25195	858	423	781	12497	6661	9462	18413	8159	16348	177	86	166	1381	1155	1261	500	452	478	40	34	34
6040	Egtved	3384	1602	3098	2490	1162	2269	894	440	829	112	66	93	3055	1425	2801	217	111	204	87	69	75	31	26	28	7	5	7
6051	Almind	831	398	751	671	316	605	160	82	146	9	4	5	787	381	713	35	13	33	8	6	7	3	2	2	0	0	0
6052	Viuf	414	215	369	250	137	215	164	78	154	27	22	26	356	181	312	31	12	31	9	6	7	2	1	1	0	0	0
6064	Jordrup	566	283	472	74	40	51	492	243	421	37	16	21	463	237	391	66	30	60	10	6	9	4	3	3	0	0	0
6070	Christiansfeld	2760	1476	2447	1590	852	1377	1170	624	1070	378	208	284	2145	1152	1934	237	116	229	83	64	75	30	30	30	1	1	1
6091	Bjert	1123	501	1001	833	349	738	290	152	263	12	9	9	1041	459	928	70	33	64	32	23	28	10	7	9	203	189	197
6092	Sønder Stenderup	398	216	357	265	135	231	133	81	126	2	2	2	360	196	320	36	18	35	6	5	6	1	1	1	30	26	28
6093	Sjølund	450	224	407	194	107	178	256	117	229	7	5	5	404	197	364	39	22	38	15	11	14	3	2	3	258	243	251
6094	Hejls	511	266	474	102	50	94	409	216	380	20	16	19	465	244	430	26	6	25	16	12	14	4	4	4	783	737	759
6100	Haderslev	17076	9216	15265	13306	7126	11700	3770	2090	3565	6451	3681	5272	10183	5310	9565	442	225	428	466	391	429	246	222	233	1471	1350	1407
6200	Aabenraa	14325	7929	12786	11877	6508	10521	2448	1421	2265	4342	2430	3484	9659	5320	8993	324	179	309	495	428	468	274	259	273	453	424	435
6210	Barsø	10	9	10	0	0	0	10	9	10	0	0	0	6	6	6	4	3	4	0	0	0	0	0	0	3	3	3
6230	Rødekro	5365	3054	4930	4099	2339	3756	1266	715	1174	295	120	176	4733	2759	4431	337	175	323	182	166	174	59	53	55	29	28	28
6240	Løgumkloster	3124	1961	2849	1929	1193	1702	1195	768	1147	228	111	131	2616	1689	2444	280	161	274	79	64	71	32	26	30	5	5	5
6261	Bredebro	1544	1048	1482	715	502	683	829	546	799	34	27	30	1322	913	1266	188	108	186	41	35	41	26	24	26	78	61	69
6270	Tønder	6080	3931	5679	4459	2870	4122	1621	1061	1557	1517	1030	1303	4294	2738	4113	269	163	263	215	176	202	156	144	150	18	15	16
6280	Højer	1216	821	1138	659	447	614	557	374	524	66	39	46	1032	701	976	118	81	116	28	20	26	14	10	14	109	91	99
6300	Gråsten	3633	2056	3323	2713	1517	2452	920	539	871	696	407	601	2858	1606	2644	79	43	78	101	78	93	57	54	57	124	99	110
6310	Broager	2118	1184	1924	1466	837	1341	652	347	583	196	100	147	1844	1048	1699	78	36	78	51	43	46	16	16	16	345	310	322
6320	Egernsund	732	423	675	698	409	644	34	14	31	8	7	7	724	416	668	0	0	0	15	12	14	5	5	5	215	201	204
6330	Padborg	2738	1746	2471	2394	1508	2143	344	238	328	369	207	262	2271	1478	2113	98	61	96	212	191	202	50	46	49	0	0	0
6340	Kruså	2117	1277	1922	2002	1200	1812	115	77	110	79	39	64	1976	1203	1796	62	35	62	43	32	36	30	28	29	55	47	49
6360	Tinglev	2204	1431	2049	1485	996	1373	719	435	676	206	129	166	1786	1192	1678	212	110	205	89	76	83	22	19	21	2	1	2
6372	Bylderup-Bov	1547	1019	1448	625	395	564	922	624	884	55	7	15	1295	888	1240	197	124	193	35	27	33	12	9	12	6	6	6
6392	Bolderslev	788	521	731	546	362	499	242	159	232	27	11	14	677	453	633	84	57	84	17	14	16	3	1	3	0	0	0
6400	Sønderborg	19055	9325	15877	17906	8718	14801	1149	607	1076	8065	3661	5663	10815	5580	10047	175	84	167	599	489	545	341	320	327	41	30	35
6430	Nordborg	6059	3544	5479	4560	2652	4041	1499	892	1438	536	306	399	5317	3133	4883	206	105	197	100	75	88	51	44	47	140	135	138
6440	Augustenborg	3009	1782	2779	2141	1251	1964	868	531	815	232	96	154	2646	1607	2499	131	79	126	47	38	43	28	23	27	83	69	73
6470	Sydals	2909	1624	2701	1738	908	1595	1171	716	1106	3	3	3	2753	1541	2552	153	80	146	39	34	36	15	14	14	1091	984	1008
6500	Vojens	6781	4110	6201	4757	2877	4302	2024	1233	1899	758	433	571	5562	3426	5192	461	251	438	189	165	177	79	70	77	1	1	1
6510	Gram	2255	1380	2064	1566	980	1446	689	400	618	108	58	78	1936	1195	1782	211	127	204	68	51	62	32	25	31	0	0	0
6520	Toftlund	2344	1518	2168	1666	1078	1522	678	440	646	173	91	117	1987	1328	1874	184	99	177	93	75	88	45	41	43	458	377	400
6534	Agerskov	883	581	820	534	369	509	349	212	311	62	29	35	728	489	697	93	63	88	29	23	26	13	8	9	1	1	1
6535	Branderup J	283	188	269	1	0	1	282	188	268	0	0	0	224	150	211	59	38	58	6	3	6	0	0	0	0	0	0
6541	Bevtoft	572	355	547	345	205	327	227	150	220	4	4	4	488	303	467	80	48	76	10	7	9	3	2	2	1	1	1
6560	Sommersted	1017	576	886	527	298	446	490	278	440	18	16	16	834	471	716	165	89	154	23	15	20	12	9	11	0	0	0
6580	Vamdrup	3417	1685	2985	2257	1130	1962	1160	555	1023	360	179	264	2707	1332	2391	350	174	330	116	94	102	36	29	34	0	0	0
6600	Vejen	7093	3865	6479	5904	3223	5367	1189	642	1112	830	469	715	5890	3206	5409	373	190	355	266	217	250	106	96	105	3	3	3
6621	Gesten	589	325	549	400	229	368	189	96	181	7	2	4	509	281	474	73	42	71	16	13	14	1	1	1	1	1	1
6622	Bække	815	474	766	482	302	458	333	172	308	13	3	8	668	402	630	134	69	128	20	14	20	5	4	5	4	2	3
6623	Vorbasse	965	546	877	594	336	527	371	210	350	15	11	12	826	467	744	124	68	121	30	22	29	9	6	9	5	3	3
6630	Rødding	4768	2634	4430	2948	1620	2707	1820	1014	1723	251	158	207	4013	2237	3734	504	239	489	163	125	156	60	50	57	10	5	7
6640	Lunderskov	1941	868	1647	1319	569	1098	622	299	549	116	42	62	1701	777	1463	124	49	122	58	45	48	15	12	14	0	0	0
6650	Brørup	2979	1795	2870	2130	1306	2054	849	489	816	184	132	176	2530	1524	2435	265	139	259	109	82	101	42	38	42	5	4	5
6660	Lintrup	295	179	280	1	0	0	294	179	280	0	0	0	219	140	209	76	39	71	8	6	7	0	0	0	0	0	0
6670	Holsted	1847	1107	1738	1541	924	1446	306	183	292	97	68	82	1572	937	1484	178	102	172	53	48	50	20	20	20	1	1	1
6682	Hovborg	266	154	250	180	104	167	86	50	83	0	0	0	226	128	210	40	26	40	7	5	7	2	2	2	44	40	44
6683	Føvling	455	264	422	92	52	81	363	212	341	0	0	0	321	192	294	134	72	128	9	6	9	1	1	1	4	3	3
6690	Gørding	1158	683	1031	842	471	728	316	212	303	36	24	30	953	547	836	169	112	165	17	14	17	10	7	9	0	0	0
6700	Esbjerg	17851	8497	14253	17851	8497	14253	0	0	0	12060	5801	9065	5791	2696	5188	0	0	0	852	720	801	516	478	498	27	27	27
6705	Esbjerg Ø	7537	3983	6340	7347	3872	6162	190	111	178	3637	1852	2782	3819	2085	3480	81	46	78	225	202	216	65	56	62	101	101	101
6710	Esbjerg V	10592	4941	9439	10240	4754	9116	352	187	323	986	371	628	9490	4510	8705	116	60	106	242	200	224	77	72	76	304	267	283
6715	Esbjerg N	5293	2509	4681	4940	2316	4345	353	193	336	774	367	627	4367	2063	3910	152	79	144	196	175	187	96	93	93	0	0	0
6720	Fanø	1720	663	1406	1545	579	1261	175	84	145	78	41	57	1612	609	1322	30	13	27	56	47	49	68	53	57	2792	2639	2704
6731	Tjæreborg	1394	639	1245	1143	503	1013	251	136	232	8	3	8	1284	585	1145	102	51	92	28	18	26	5	5	5	8	8	8
6740	Bramming	5235	2914	4796	4024	2239	3650	1211	675	1146	547	313	469	4275	2373	3929	413	228	398	124	104	114	57	54	54	2	2	2
6752	Glejbjerg	570	375	532	360	245	332	210	130	200	0	0	0	452	307	420	118	68	112	11	8	11	4	2	3	0	0	0
6753	Agerbæk	782	479	717	647	389	592	135	90	125	29	24	27	692	419	633	61	36	57	25	19	21	10	10	10	1	1	1
6760	Ribe	7651	4159	7038	5583	2937	5083	2068	1222	1955	1064	581	872	5993	3242	5590	594	336	576	227	197	216	127	121	125	89	86	88
6771	Gredstedbro	1137	697	1085	664	415	629	473	282	456	26	8	14	980	628	944	131	61	127	26	18	23	6	3	5	1	1	1
6780	Skærbæk	3074	2034	2876	1700	1120	1549	1374	914	1327	108	79	104	2663	1766	2472	303	189	300	115	85	108	56	49	54	26	18	20
6792	Rømø	335	240	318	203	146	191	132	94	127	1	0	0	309	220	293	25	20	25	34	30	33	35	32	33	1800	1712	1736
6800	Varde	10735	5382	9825	9164	4573	8316	1571	809	1509	1854	1041	1626	8260	4018	7589	621	323	610	332	255	305	185	161	177	4	1	2
6818	Årre	1292	654	1180	521	250	472	771	404	708	4	3	4	1084	556	980	204	95	196	41	25	38	6	3	6	2	1	1
6823	Ansager	1331	804	1234	942	578	855	389	226	379	144	61	95	997	629	951	190	114	188	57	49	57	10	10	10	156	151	151
6830	Nørre Nebel	1621	901	1525	1028	583	953	593	318	572	37	32	37	1398	791	1305	186	78	183	56	46	54	47	36	45	1560	1109	1167
6840	Oksbøl	1735	886	1585	1529	767	1388	206	119	197	32	14	26	1643	839	1500	60	33	59	34	31	34	18	13	18	975	874	909
6851	Janderup Vestj	558	281	526	350	188	334	208	93	192	10	10	10	460	236	430	88	35	86	17	12	15	1	1	1	0	0	0
6852	Billum	371	189	338	233	117	207	138	72	131	4	4	4	305	153	273	62	32	61	3	3	3	3	1	3	0	0	0
6853	Vejers Strand	33	23	31	8	5	7	25	18	24	1	0	1	31	22	29	1	1	1	3	1	3	11	10	10	1102	1053	1071
6854	Henne	286	171	276	114	71	110	172	100	166	4	4	4	231	140	222	51	27	50	19	12	18	23	16	22	1599	1482	1536
6855	Outrup	777	406	742	498	268	478	279	138	264	4	3	4	647	358	616	126	45	122	20	16	19	9	7	9	2	2	2
6857	Blåvand	275	179	251	111	77	98	164	102	153	14	10	12	249	164	228	12	5	11	18	15	16	53	44	48	3014	2826	2887
6862	Tistrup	934	523	854	676	385	612	258	138	242	68	30	37	756	435	713	110	58	104	26	16	24	5	5	5	1	1	1
6870	Ølgod	2834	1556	2605	1995	1073	1808	839	483	797	291	158	248	2291	1266	2113	252	132	244	54	38	53	39	38	38	1	0	1
6880	Tarm	3378	1867	3208	2083	1121	1964	1295	746	1244	238	148	224	2889	1600	2742	251	119	242	93	75	91	39	34	36	452	427	435
6893	Hemmet	878	512	824	4	2	3	874	510	821	8	6	7	755	437	707	115	69	110	15	12	15	14	11	13	1624	1484	1523
6900	Skjern	6287	3586	5863	3880	2203	3590	2407	1383	2273	892	531	744	4997	2833	4727	398	222	392	237	187	227	98	83	97	354	315	323
6920	Videbæk	3938	2016	3653	2922	1457	2677	1016	559	976	193	106	178	3447	1764	3180	298	146	295	158	120	153	52	40	50	9	6	8
6933	Kibæk	2235	1342	2102	1242	745	1172	993	597	930	92	49	71	1981	1210	1876	162	83	155	51	39	51	26	25	26	20	18	19
6940	Lem St	1012	563	909	702	396	619	310	167	290	4	2	3	955	534	857	53	27	49	44	32	39	18	16	16	0	0	0
6950	Ringkøbing	6863	3547	6260	5298	2653	4796	1565	894	1464	933	566	774	5708	2873	5269	222	108	217	229	176	214	177	160	173	3551	3386	3463
6960	Hvide Sande	1661	1004	1498	1517	905	1368	144	99	130	97	34	47	1546	955	1434	18	15	17	83	73	81	57	48	57	3077	2888	2949
6971	Spjald	1395	773	1314	646	352	618	749	421	696	45	7	44	1181	673	1105	169	93	165	58	32	55	23	13	18	5	4	5
6973	Ørnhøj	571	400	528	359	244	319	212	156	209	28	9	12	473	346	447	70	45	69	13	11	12	4	4	4	1	1	1
6980	Tim	911	501	808	424	244	374	487	257	434	25	10	10	775	433	692	111	58	106	20	14	20	11	8	11	41	35	38
6990	Ulfborg	2406	1519	2273	1049	683	1007	1357	836	1266	57	46	54	2123	1347	2000	226	126	219	97	80	90	53	43	51	2204	2070	2118
7000	Fredericia	26194	12365	21760	24812	11690	20533	1382	675	1227	10280	5357	7892	15614	6878	13592	300	130	276	826	666	734	361	332	345	143	112	126
7080	Børkop	5239	2218	4181	4339	1823	3464	900	395	717	387	164	235	4676	1977	3791	176	77	155	112	81	92	54	38	45	763	668	692
7100	Vejle	30015	13223	24142	28156	12420	22497	1859	803	1645	15129	7346	11112	14372	5669	12556	514	208	474	1308	1075	1155	805	677	694	183	177	181
7120	Vejle Øst	4426	1735	3830	4160	1621	3601	266	114	229	434	168	342	3942	1548	3442	50	19	46	102	69	85	24	23	24	12	9	10
7130	Juelsminde	4339	2145	3826	1936	949	1703	2403	1196	2123	547	310	440	3520	1702	3135	272	133	251	108	70	91	65	52	60	2231	2038	2118
7140	Stouby	872	443	766	297	155	253	575	288	513	29	12	21	742	381	651	101	50	94	12	8	12	15	11	15	12	10	12
7150	Barrit	636	363	574	320	201	289	316	162	285	0	0	0	542	311	487	94	52	87	14	12	14	6	4	6	8	4	5
7160	Tørring	2554	1388	2299	1746	963	1571	808	425	728	216	142	172	2099	1111	1904	239	135	223	88	73	82	48	42	47	12	9	11
7171	Uldum	948	456	806	634	299	516	314	157	290	89	27	41	764	389	675	95	40	90	40	25	28	13	9	10	0	0	0
7173	Vonge	455	250	423	291	169	266	164	81	157	8	7	8	363	205	336	84	38	79	6	3	4	4	4	4	2	2	2
7182	Bredsten	1417	661	1224	931	451	790	486	210	434	58	35	41	1208	566	1038	151	60	145	38	31	34	8	8	8	2	2	2
7183	Randbøl	505	254	464	13	6	12	492	248	452	3	3	3	391	203	355	111	48	106	17	10	16	4	3	4	10	8	9
7184	Vandel	456	260	416	357	204	320	99	56	96	17	10	16	388	223	352	51	27	48	22	16	18	6	5	5	4	4	4
7190	Billund	3355	1739	2965	3113	1611	2747	242	128	218	410	242	349	2849	1447	2530	96	50	86	222	187	212	42	42	42	75	19	19
7200	Grindsted	6832	3838	6238	5790	3283	5257	1042	555	981	1251	739	1070	5051	2819	4649	530	280	519	276	232	266	111	102	110	4	4	4
7250	Hejnsvig	971	587	892	515	300	465	456	287	427	3	2	3	744	448	675	224	137	214	25	17	22	3	3	3	2	1	2
7260	Sønder Omme	1160	734	1110	902	591	868	258	143	242	44	34	41	993	634	949	123	66	120	35	31	34	15	14	14	8	8	8
7270	Stakroge	228	156	217	0	0	0	228	156	217	0	0	0	200	133	189	28	23	28	5	4	5	0	0	0	1	1	1
7280	Sønder Felding	940	615	868	761	500	695	179	115	173	73	39	47	819	550	774	48	26	47	34	29	32	8	6	6	2	2	2
7300	Jelling	2735	1147	2284	1647	635	1318	1088	512	966	118	82	105	2368	951	1950	249	114	229	73	56	66	37	32	35	10	10	10
7321	Gadbjerg	682	330	605	313	152	259	369	178	346	35	9	9	501	252	455	146	69	141	19	16	19	3	2	2	0	0	0
7323	Give	5273	2788	4768	3191	1701	2876	2082	1087	1892	372	229	338	4288	2230	3836	613	329	594	166	136	154	79	66	74	33	28	28
7330	Brande	4683	2490	4230	3631	1916	3223	1052	574	1007	865	440	676	3496	1888	3238	322	162	316	178	133	171	79	66	76	7	5	5
7361	Ejstrupholm	1396	762	1280	858	467	759	538	295	521	64	18	23	1175	668	1104	157	76	153	42	32	36	19	13	19	23	22	23
7362	Hampen	349	214	321	0	0	0	349	214	321	1	1	1	297	185	272	51	28	48	11	8	10	5	4	5	0	0	0
7400	Herning	28122	15233	24950	26497	14369	23437	1625	864	1513	10840	6061	8893	16817	8956	15611	465	216	446	1271	1068	1185	534	486	511	74	56	59
7430	Ikast	8142	4091	7164	7491	3763	6570	651	328	594	2023	1094	1611	6006	2938	5447	113	59	106	415	348	393	140	123	133	1	0	0
7441	Bording	1705	873	1587	1134	578	1061	571	295	526	67	37	63	1497	766	1391	141	70	133	67	51	63	23	17	21	78	76	76
7442	Engesvang	1275	617	1126	839	395	729	436	222	397	35	19	25	1179	561	1041	61	37	60	41	30	37	15	10	14	6	6	6
7451	Sunds	2647	1545	2466	2272	1319	2110	375	226	356	378	210	318	2110	1242	1996	159	93	152	79	59	75	33	28	31	113	106	109
7470	Karup J	3410	1918	3144	2401	1334	2202	1009	584	942	281	189	253	2780	1528	2560	349	201	331	117	97	113	58	45	54	11	9	9
7480	Vildbjerg	3015	1769	2833	2402	1383	2246	613	386	587	314	208	288	2472	1429	2323	229	132	222	117	94	112	37	30	34	2	1	1
7490	Aulum	2171	1200	1963	1727	952	1537	444	248	426	153	48	79	1762	1007	1637	256	145	247	97	79	91	36	28	33	3	3	3
7500	Holstebro	21317	11962	19464	19282	10790	17523	2035	1172	1941	5995	3630	5034	14579	7915	13720	743	417	710	776	597	682	451	420	443	231	228	231
7540	Haderup	891	554	835	560	354	527	331	200	308	7	7	7	730	463	683	154	84	145	28	21	26	9	7	9	16	15	15
7550	Sørvad	684	374	647	484	276	460	200	98	187	28	19	23	564	311	539	92	44	85	23	13	20	8	6	8	0	0	0
7560	Hjerm	746	437	704	499	292	472	247	145	232	35	24	30	595	342	561	116	71	113	14	10	11	7	6	7	55	55	55
7570	Vemb	1237	808	1161	653	427	599	584	381	562	62	47	57	1018	666	951	157	95	153	36	21	32	19	15	18	103	98	99
7600	Struer	8296	5085	7647	7099	4365	6519	1197	720	1128	2239	1443	1919	5683	3437	5375	374	205	353	286	234	264	184	164	177	552	513	533
7620	Lemvig	6834	4089	6374	4722	2891	4372	2112	1198	2002	1151	688	992	5295	3193	5003	388	208	379	267	206	253	155	138	154	900	808	836
7650	Bøvlingbjerg	500	316	462	277	161	246	223	155	216	18	0	0	427	284	409	55	32	53	26	20	24	6	5	6	10	9	9
7660	Bækmarksbro	634	415	593	224	144	197	410	271	396	3	2	3	553	366	514	78	47	76	17	15	17	8	7	8	7	7	7
7673	Harboøre	824	597	774	685	506	644	139	91	130	26	6	7	781	580	751	17	11	16	20	13	18	17	13	17	982	916	936
7680	Thyborøn	1061	757	1010	1043	739	992	18	18	18	32	26	31	1029	731	979	0	0	0	62	54	58	38	33	36	61	42	55
7700	Thisted	12356	7149	11291	9910	5755	8941	2446	1394	2350	2105	1305	1782	9232	5267	8523	1019	577	986	522	441	497	302	275	293	2000	1835	1902
7730	Hanstholm	1452	955	1371	1296	862	1221	156	93	150	73	32	55	1324	893	1263	55	30	53	143	130	139	35	32	34	30	27	29
7741	Frøstrup	646	333	587	364	198	326	282	135	261	15	12	13	495	247	445	136	74	129	25	17	22	9	7	9	271	248	257
7742	Vesløs	536	329	507	238	162	226	298	167	281	0	0	0	428	259	402	108	70	105	24	16	23	5	4	5	127	117	123
7752	Snedsted	2347	1413	2176	1191	747	1075	1156	666	1101	107	29	50	1824	1161	1725	416	223	401	64	51	62	30	29	30	241	214	227
7755	Bedsted Thy	1145	776	1094	467	318	443	678	458	651	55	46	51	889	601	848	201	129	195	28	25	28	7	5	7	132	117	129
7760	Hurup Thy	2479	1544	2321	1578	1008	1473	901	536	848	268	176	211	1994	1249	1899	217	119	211	86	72	82	71	63	70	433	406	414
7770	Vestervig	795	490	732	530	323	483	265	167	249	33	4	7	682	437	649	80	49	76	25	20	24	11	8	11	621	558	578
7790	Thyholm	1607	994	1507	636	395	603	971	599	904	80	35	76	1321	846	1234	206	113	197	83	67	79	42	38	41	572	526	545
7800	Skive	13372	8075	11979	12024	7251	10725	1348	824	1254	4433	2755	3684	8576	5119	7952	363	201	343	440	361	400	295	283	288	24	22	23
7830	Vinderup	3474	2238	3274	2036	1360	1923	1438	878	1351	295	189	250	2623	1714	2493	556	335	531	91	75	84	63	55	62	566	542	554
7840	Højslev	2105	1289	1983	1221	775	1153	884	514	830	77	53	70	1783	1112	1681	245	124	232	57	46	55	25	23	24	690	662	676
7850	Stoholm Jyll	1645	898	1551	1163	632	1108	482	266	443	31	22	30	1434	769	1349	180	107	172	52	43	50	27	23	26	0	0	0
7860	Spøttrup	3389	2305	3190	2122	1418	2003	1267	887	1187	56	27	31	2870	1958	2711	463	320	448	96	78	90	44	39	43	918	894	907
7870	Roslev	5037	3338	4776	3065	1993	2889	1972	1345	1887	227	139	198	4199	2799	3986	611	400	592	147	116	138	57	48	56	1051	1022	1036
7884	Fur	435	304	414	63	46	61	372	258	353	13	10	12	379	265	361	43	29	41	26	25	25	10	9	10	469	444	452
7900	Nykøbing M	7157	4847	6710	5228	3551	4841	1929	1296	1869	1300	878	1121	5390	3671	5137	467	298	452	269	235	255	175	164	171	256	217	236
7950	Erslev	1540	909	1476	720	444	690	820	465	786	1	1	1	1317	788	1258	222	120	217	48	36	47	21	15	21	62	53	55
7960	Karby	465	315	418	94	55	68	371	260	350	27	3	3	327	236	308	111	76	107	12	10	11	5	3	5	23	21	22
7970	Redsted M	353	229	338	167	121	157	186	108	181	1	0	0	258	175	246	94	54	92	11	7	11	1	1	1	15	15	15
7980	Vils	311	204	308	196	135	194	115	69	114	2	2	2	250	168	247	59	34	59	10	7	10	4	3	4	0	0	0
7990	Øster Assels	581	404	557	109	89	106	472	315	451	4	4	4	421	293	403	156	107	150	21	16	21	7	6	6	222	212	218
8000	Aarhus C	41460	19014	28199	41460	19014	28199	0	0	0	39970	18466	27126	1490	548	1073	0	0	0	2046	1674	1791	1590	1464	1498	89	86	88
8200	Aarhus N	17308	6849	11477	17079	6733	11296	229	116	181	13103	5447	8235	4167	1383	3207	38	19	35	544	463	481	239	222	225	243	231	237
8210	Aarhus V	12994	5333	8891	12994	5333	8891	0	0	0	9285	4100	5943	3709	1233	2948	0	0	0	269	222	237	107	104	106	359	348	352
8220	Brabrand	8992	4671	7245	8817	4600	7090	175	71	155	5795	3704	4652	3166	956	2566	31	11	27	346	301	321	71	67	68	17	16	16
8230	Åbyhøj	5398	2081	4061	5397	2080	4060	1	1	1	2792	1289	2004	2606	792	2057	0	0	0	377	332	346	89	77	87	525	507	516
8240	Risskov	12159	4172	9061	12159	4172	9061	0	0	0	4812	2071	3255	7345	2101	5804	2	0	2	434	350	372	139	128	131	153	138	145
8250	Egå	4833	1952	4036	3978	1430	3275	855	522	761	542	223	378	4268	1718	3638	23	11	20	165	140	155	58	53	55	386	340	360
8260	Viby J	14450	5883	10415	14055	5681	10067	395	202	348	8558	3758	5628	5853	2108	4752	39	17	35	552	471	501	154	142	146	932	914	918
8270	Højbjerg	10929	3757	8093	10869	3727	8044	60	30	49	3407	1410	2330	7512	2343	5756	10	4	7	330	267	292	92	83	90	36	36	36
8300	Odder	9772	4880	8947	6777	3322	6143	2995	1558	2804	2378	1240	1997	6968	3427	6541	426	213	409	309	252	291	152	132	136	1681	1489	1592
8305	Samsø	2226	1454	2023	767	520	680	1459	934	1343	72	55	60	1957	1283	1777	197	116	186	99	84	93	67	58	64	1427	1259	1351
8310	Tranbjerg J	3982	1830	3400	3676	1651	3136	306	179	264	151	110	146	3786	1703	3219	45	17	35	73	67	68	29	28	29	0	0	0
8320	Mårslet	2483	914	2014	1995	731	1623	488	183	391	60	33	35	2348	847	1913	75	34	66	40	26	34	14	12	13	0	0	0
8330	Beder	2119	705	1760	1900	620	1578	219	85	182	305	125	203	1765	561	1512	49	19	45	38	29	36	20	17	18	131	119	124
8340	Malling	2320	866	1935	1896	695	1565	424	171	370	34	21	28	2221	813	1848	65	32	59	49	42	45	17	13	15	406	364	387
8350	Hundslund	562	309	524	13	9	12	549	300	512	0	0	0	496	276	461	66	33	63	6	5	6	1	1	1	12	12	12
8355	Solbjerg	1974	858	1484	1623	701	1203	351	157	281	148	67	84	1726	749	1316	100	42	84	39	23	35	19	19	19	0	0	0
8361	Hasselager	3476	1507	2723	3199	1388	2500	277	119	223	150	82	112	3257	1396	2549	69	29	62	200	163	179	28	21	25	1	0	1
8362	Hørning	3770	1800	3309	3298	1605	2890	472	195	419	639	355	501	3003	1390	2688	128	55	120	136	113	124	52	49	50	11	9	10
8370	Hadsten	5555	2804	5099	3920	1919	3582	1635	885	1517	763	438	653	4430	2181	4106	362	185	340	222	190	212	81	76	80	1	1	1
8380	Trige	1958	969	1540	1619	805	1247	339	164	293	522	294	375	1344	634	1078	92	41	87	48	35	44	10	10	10	0	0	0
8381	Tilst	5146	2430	4154	4839	2285	3906	307	145	248	1155	664	902	3939	1745	3208	52	21	44	149	122	135	53	50	52	0	0	0
8382	Hinnerup	5687	2467	4945	4557	1957	3922	1130	510	1023	440	206	295	5016	2162	4434	231	99	216	217	180	202	68	57	64	1	0	0
8400	Ebeltoft	5660	3113	5225	3883	2134	3554	1777	979	1671	830	501	706	4651	2511	4346	179	101	173	191	155	176	152	138	147	4670	4127	4341
8410	Rønde	3550	1796	3272	2582	1273	2374	968	523	898	176	117	157	3194	1588	2945	180	91	170	143	104	123	82	75	81	790	735	761
8420	Knebel	1597	888	1488	196	113	177	1401	775	1311	9	8	9	1407	779	1305	181	101	174	82	57	79	28	20	25	2399	2168	2275
8444	Balle	498	320	468	83	65	79	415	255	389	4	2	4	449	294	421	45	24	43	9	5	7	2	1	2	12	8	9
8450	Hammel	4576	2440	4095	3383	1819	3024	1193	621	1071	775	390	532	3593	1940	3365	208	110	198	165	136	155	85	78	84	1	0	0
8462	Harlev J	1950	798	1662	1547	630	1311	403	168	351	72	9	14	1795	750	1568	83	39	80	54	39	49	22	18	20	0	0	0
8464	Galten	5069	2171	4499	3946	1680	3489	1123	491	1010	245	107	195	4599	1955	4093	225	109	211	178	135	162	66	61	62	2	1	1
8471	Sabro	2327	1079	1909	1283	593	1034	1044	486	875	52	29	36	2094	960	1711	181	90	162	53	44	46	6	6	6	1	1	1
8472	Sporup	425	202	380	2	2	2	423	200	378	0	0	0	344	157	303	81	45	77	8	5	6	0	0	0	1	1	1
8500	Grenaa	10135	6265	9241	8525	5275	7707	1610	990	1534	2833	1816	2308	6953	4244	6593	349	205	340	479	419	463	222	214	221	1038	932	967
8520	Lystrup	5042	1952	4155	4991	1932	4111	51	20	44	671	379	509	4349	1567	3625	22	6	21	195	169	179	37	35	35	0	0	0
8530	Hjortshøj	2405	832	2009	1866	627	1543	539	205	466	79	29	41	2232	768	1881	94	35	87	49	35	44	8	8	8	0	0	0
8541	Skødstrup	3920	1542	3161	3648	1420	2937	272	122	224	390	202	264	3480	1323	2853	50	17	44	81	68	76	40	32	35	1	1	1
8543	Hornslet	3428	1843	3125	2630	1420	2396	798	423	729	266	165	219	2996	1589	2750	166	89	156	116	84	103	56	45	53	50	43	48
8544	Mørke	1652	950	1525	887	506	812	765	444	713	57	38	49	1412	802	1298	183	110	178	45	30	36	10	10	10	2	2	2
8550	Ryomgård	1825	999	1646	1183	684	1111	642	315	535	124	40	58	1589	899	1482	112	60	106	70	46	62	28	23	27	9	7	7
8560	Kolind	1574	942	1476	877	532	830	697	410	646	96	67	89	1309	777	1225	169	98	162	64	54	61	34	31	33	90	78	84
8570	Trustrup	941	600	873	609	398	553	332	202	320	75	60	67	768	485	710	98	55	96	22	16	21	9	7	9	4	3	3
8581	Nimtofte	526	326	494	286	199	268	240	127	226	16	15	15	378	240	350	132	71	129	18	10	14	8	4	7	36	32	35
8585	Glesborg	1500	900	1396	761	445	685	739	455	711	65	4	28	1316	836	1252	119	60	116	40	34	37	33	29	33	2138	2020	2075
8586	Ørum Djurs	913	571	869	351	234	333	562	337	536	0	0	0	723	463	685	190	108	184	48	34	45	9	8	9	3	2	3
8592	Anholt	116	110	112	1	1	1	115	109	111	0	0	0	116	110	112	0	0	0	10	9	9	8	7	7	348	337	343
8600	Silkeborg	29550	13648	26119	26836	12389	23653	2714	1259	2466	9124	4478	7391	19843	8879	18184	583	291	544	1062	862	957	556	524	541	343	294	312
8620	Kjellerup	5562	3101	5048	3743	2099	3361	1819	1002	1687	716	383	571	4042	2263	3729	804	455	748	179	142	164	88	70	82	7	6	6
8632	Lemming	467	228	420	5	3	5	462	225	415	0	0	0	363	166	325	104	62	95	7	5	6	1	1	1	1	0	1
8641	Sorring	635	290	565	447	210	401	188	80	164	3	1	2	571	260	505	61	29	58	16	9	10	7	7	7	0	0	0
8643	Ans By	1352	755	1214	947	549	850	405	206	364	147	71	129	1118	650	1004	87	34	81	60	38	51	13	10	12	121	109	114
8653	Them	1698	859	1524	1311	682	1176	387	177	348	134	65	90	1435	739	1314	129	55	120	95	76	86	15	13	14	8	6	6
8654	Bryrup	1094	492	973	634	312	582	460	180	391	27	19	22	973	431	862	94	42	89	35	26	32	10	8	10	50	42	46
8660	Skanderborg	12504	5430	11372	9646	4154	8722	2858	1276	2650	3011	1372	2517	9012	3834	8398	481	224	457	494	390	467	186	167	177	91	81	86
8670	Låsby	1043	500	901	838	392	716	205	108	185	87	33	55	887	428	783	69	39	63	42	31	35	12	9	11	1	1	1
8680	Ry	4035	1331	3542	3240	1063	2871	795	268	671	344	132	258	3519	1130	3129	172	69	155	148	108	135	65	62	62	100	81	90
8700	Horsens	35056	16679	28530	33025	15645	26684	2031	1034	1846	14488	7186	10339	20131	9285	17782	437	208	409	1154	956	1041	612	556	574	173	165	168
8721	Daugård	688	300	584	445	190	374	243	110	210	16	2	16	595	260	500	77	38	68	24	19	19	3	2	3	18	16	16
8722	Hedensted	3919	1735	3254	3442	1513	2836	477	222	418	494	221	368	3288	1453	2763	137	61	123	258	212	228	88	78	84	0	0	0
8723	Løsning	3176	1592	2826	2551	1262	2263	625	330	563	306	166	238	2703	1337	2434	167	89	154	126	105	114	28	21	25	0	0	0
8732	Hovedgård	1414	678	1233	933	445	808	481	233	425	78	53	69	1223	573	1061	113	52	103	47	35	39	16	13	15	1	1	1
8740	Brædstrup	3817	1940	3520	2007	1024	1828	1810	916	1692	553	262	444	2931	1517	2757	333	161	319	188	127	173	61	54	59	54	47	48
8751	Gedved	1216	569	1067	1021	479	897	195	90	170	99	38	59	1069	512	965	48	19	43	30	24	28	8	7	7	0	0	0
8752	Østbirk	1607	795	1465	971	477	880	636	318	585	109	73	99	1356	649	1229	142	73	137	59	48	56	27	20	25	2	2	2
8762	Flemming	430	228	386	1	1	1	429	227	385	0	0	0	322	166	280	108	62	106	8	4	7	2	1	2	0	0	0
8763	Rask Mølle	728	371	644	504	244	437	224	127	207	29	18	27	614	301	533	85	52	84	17	12	14	8	7	7	1	0	0
8765	Klovborg	466	267	396	289	170	233	177	97	163	10	6	8	401	231	336	55	30	52	8	6	7	4	3	4	2	2	2
8766	Nørre Snede	1293	726	1154	976	543	851	317	183	303	80	52	66	1095	609	973	118	65	115	57	41	52	20	17	20	4	4	4
8781	Stenderup	337	164	305	6	4	6	331	160	299	0	0	0	282	132	251	55	32	54	7	5	6	3	3	3	0	0	0
8783	Hornsyld	1440	789	1240	853	471	707	587	318	533	173	94	112	1184	653	1048	83	42	80	62	47	55	18	12	16	1	1	1
8789	Endelave	93	81	85	7	6	6	86	75	79	5	5	5	68	58	61	20	18	19	4	4	4	1	1	1	199	180	184
8799	Tunø	68	64	67	3	3	3	65	61	64	0	0	0	55	53	54	13	11	13	1	1	1	2	2	2	129	126	127
8800	Viborg	24675	11679	21241	22359	10485	19102	2316	1194	2139	9396	4637	7143	14442	6603	13295	837	439	803	878	735	817	505	467	493	27	25	26
8830	Tjele	4004	2111	3702	2230	1168	2059	1774	943	1643	103	55	86	3145	1656	2902	756	400	714	101	61	88	29	23	29	11	8	10
8831	Løgstrup	1390	712	1311	815	416	766	575	296	545	14	7	11	1197	616	1127	179	89	173	30	26	28	14	11	14	123	108	114
8832	Skals	1637	879	1549	1037	564	972	600	315	577	64	39	60	1340	726	1267	233	114	222	65	41	61	14	9	13	115	109	112
8840	Rødkærsbro	1244	683	1136	799	440	722	445	243	414	159	106	130	940	494	866	145	83	140	34	26	31	12	11	12	3	3	3
8850	Bjerringbro	5390	2955	4977	3973	2214	3663	1417	741	1314	842	490	736	4100	2228	3815	448	237	426	187	131	171	81	74	78	59	49	52
8860	Ulstrup	1913	1116	1762	1153	666	1056	760	450	706	59	44	56	1602	925	1464	252	147	242	48	35	44	19	14	17	12	10	10
8870	Langå	3505	1894	3154	2575	1374	2304	930	520	850	332	184	250	2905	1574	2659	268	136	245	102	82	92	40	30	37	0	0	0
8881	Thorsø	1273	787	1163	1007	624	913	266	163	250	68	42	61	996	615	906	209	130	196	57	47	54	17	15	16	0	0	0
8882	Fårvang	975	588	876	623	399	563	352	189	313	91	65	86	775	465	690	109	58	100	36	30	32	9	8	9	302	290	294
8883	Gjern	884	444	820	651	327	598	233	117	222	55	48	52	724	345	668	105	51	100	43	33	40	6	5	6	28	25	25
8900	Randers C	9478	4977	7354	9475	4976	7352	3	1	2	8753	4620	6723	725	357	631	0	0	0	388	350	366	460	443	449	0	0	0
8920	Randers NV	10812	5758	9363	9623	5058	8240	1189	700	1123	3570	1857	2609	6855	3695	6388	387	206	366	267	217	252	100	86	94	383	382	383
8930	Randers NØ	9264	5154	8013	7902	4380	6746	1362	774	1267	4693	2653	3785	4382	2396	4046	189	105	182	224	197	215	54	48	50	284	281	283
8940	Randers SV	4149	2185	3634	3574	1855	3099	575	330	535	1245	636	936	2787	1479	2586	117	70	112	285	246	260	64	60	61	33	33	33
8950	Ørsted	1603	1062	1507	756	494	699	847	568	808	74	35	56	1354	917	1282	175	110	169	36	23	31	25	22	24	490	467	478
8960	Randers SØ	6712	3610	5931	5475	2908	4841	1237	702	1090	1290	681	987	5170	2796	4708	252	133	236	291	247	264	143	139	140	12	11	11
8961	Allingåbro	2141	1438	1992	1424	949	1307	717	489	685	167	94	119	1785	1221	1688	189	123	185	86	67	81	25	23	25	493	456	476
8963	Auning	2033	1324	1917	1521	990	1427	512	334	490	92	62	79	1841	1193	1740	100	69	98	89	73	85	45	45	45	7	6	6
8970	Havndal	1619	1054	1500	578	374	535	1041	680	965	108	62	88	1245	828	1166	266	164	246	48	26	43	23	19	21	50	46	48
8981	Spentrup	1893	1168	1789	997	626	950	896	542	839	8	6	7	1763	1092	1668	122	70	114	60	45	56	28	21	26	0	0	0
8983	Gjerlev J	1510	945	1377	239	129	175	1271	816	1202	16	15	15	1282	799	1157	212	131	205	30	18	28	15	14	15	4	3	3
8990	Fårup	1296	837	1222	700	455	651	596	382	571	65	47	49	1057	679	1005	174	111	168	46	38	44	13	9	12	4	3	4
9000	Aalborg	45396	21721	33537	45146	21580	33309	250	141	228	34704	16993	24302	10618	4686	9163	74	42	72	1238	1034	1114	830	754	788	708	692	698
9200	Aalborg SV	4571	2468	3987	4372	2340	3800	199	128	187	1133	714	916	3417	1741	3051	21	13	20	249	221	229	159	155	157	73	70	70
9210	Aalborg SØ	6909	3397	5575	6883	3382	5553	26	15	22	2807	1411	2041	4087	1978	3521	15	8	13	98	87	91	53	47	50	96	92	93
9220	Aalborg Øst	8179	4395	6390	7740	4144	5993	439	251	397	4456	2440	3232	3710	1949	3147	13	6	11	300	270	278	24	24	24	208	192	203
9230	Svenstrup J	4667	2427	4079	4116	2109	3581	551	318	498	214	82	115	4168	2183	3702	285	162	262	170	140	159	37	35	36	5	3	3
9240	Nibe	5537	3300	5288	3185	1920	3044	2352	1380	2244	433	249	406	4400	2648	4192	704	403	690	142	117	137	87	77	84	279	249	267
9260	Gistrup	3025	1519	2624	2183	1079	1870	842	440	754	168	112	125	2687	1317	2342	170	90	157	54	41	49	10	10	10	96	85	90
9270	Klarup	1931	1047	1712	1787	973	1584	144	74	128	66	28	44	1817	995	1626	48	24	42	36	27	32	14	13	14	0	0	0
9280	Storvorde	3412	2052	3144	2190	1287	1987	1222	765	1157	46	32	38	3100	1868	2845	266	152	261	49	38	46	23	21	23	709	666	679
9293	Kongerslev	1153	799	1104	674	491	647	479	308	457	39	33	37	978	680	934	136	86	133	18	12	17	9	8	9	3	2	3
9300	Sæby	6284	3924	5942	5305	3280	5000	979	644	942	685	397	577	5240	3308	5016	359	219	349	160	138	152	119	106	119	1202	1126	1160
9310	Vodskov	4801	2443	4263	4332	2191	3838	469	252	425	449	193	278	4203	2162	3838	149	88	147	130	85	119	58	48	54	1	1	1
9320	Hjallerup	2819	1647	2655	2146	1262	2019	673	385	636	213	114	180	2345	1395	2224	261	138	251	68	54	64	39	35	37	1	1	1
9330	Dronninglund	3824	2295	3617	2504	1514	2367	1320	781	1250	380	259	347	2952	1744	2796	492	292	474	118	100	114	55	53	55	20	18	18
9340	Asaa	990	697	927	645	455	602	345	242	325	59	50	57	811	563	753	120	84	117	11	9	11	11	10	11	115	110	113
9352	Dybvad	827	571	788	355	259	342	472	312	446	44	39	42	586	399	553	197	133	193	20	14	20	12	11	11	3	0	2
9362	Gandrup	1122	708	1042	713	462	662	409	246	380	48	34	43	958	602	889	116	72	110	28	18	26	14	11	14	2	1	2
9370	Hals	3014	2053	2862	2237	1532	2124	777	521	738	243	187	228	2590	1759	2458	181	107	176	91	72	84	73	60	70	3638	3426	3519
9380	Vestbjerg	1228	612	1086	1125	559	991	103	53	95	11	6	11	1180	585	1038	37	21	37	19	15	17	11	9	11	4	3	3
9381	Sulsted	982	569	900	663	382	608	319	187	292	4	2	4	815	477	748	163	90	148	14	9	12	4	3	3	1	1	1
9382	Tylstrup	923	572	877	615	383	582	308	189	295	13	12	13	739	459	700	171	101	164	30	24	30	11	11	11	1	1	1
9400	Nørresundby	13107	6977	10580	12940	6887	10434	167	90	146	8784	4686	6735	4257	2255	3787	66	36	58	400	341	371	131	125	126	25	24	25
9430	Vadum	1946	1177	1763	1591	979	1442	355	198	321	149	75	107	1673	1026	1536	124	76	120	36	28	34	14	12	14	1	0	1
9440	Aabybro	4802	2973	4513	4088	2561	3845	714	412	668	314	193	282	4057	2537	3826	431	243	405	145	119	136	90	81	88	96	90	94
9460	Brovst	3905	2691	3716	2697	1925	2542	1208	766	1174	291	195	224	3000	2117	2895	614	379	597	156	129	149	84	71	82	424	357	386
9480	Løkken	2304	1469	2153	1058	657	966	1246	812	1187	129	90	117	1946	1240	1812	229	139	224	73	56	67	83	74	80	3925	3674	3779
9490	Pandrup	3189	2296	3063	2601	1886	2496	588	410	567	391	326	357	2588	1833	2503	210	137	203	117	107	116	38	33	37	811	733	771
9492	Blokhus	1060	812	1004	874	670	829	186	142	175	317	310	312	730	491	679	13	11	13	25	22	25	57	53	54	2650	2484	2545
9493	Saltum	676	437	621	367	245	350	309	192	271	43	17	19	521	352	494	112	68	108	20	14	18	9	9	9	1286	1174	1220
9500	Hobro	10633	5966	10009	7568	4272	7110	3065	1694	2899	2592	1491	2343	7237	4034	6884	804	441	782	380	321	364	185	174	183	39	36	37
9510	Arden	2262	1253	2066	1548	859	1391	714	394	675	196	92	124	1848	1052	1730	218	109	212	81	64	75	24	20	24	3	2	3
9520	Skørping	2884	1512	2677	1839	906	1696	1045	606	981	179	104	152	2421	1230	2251	284	178	274	78	60	72	40	34	39	21	19	20
9530	Støvring	4690	2949	4406	4047	2566	3800	643	383	606	684	481	617	3745	2312	3533	261	156	256	258	228	238	68	58	66	8	7	8
9541	Suldrup	1201	781	1141	609	416	574	592	365	567	65	39	49	940	627	902	196	115	190	37	31	36	10	7	10	4	2	2
9550	Mariager	2922	1457	2693	2142	1063	1955	780	394	738	250	81	184	2386	1227	2235	286	149	274	97	72	92	42	33	38	67	61	65
9560	Hadsund	5597	3566	5321	4082	2596	3878	1515	970	1443	831	566	720	4358	2739	4203	408	261	398	243	199	232	122	112	118	2914	2788	2839
9574	Bælum	655	452	600	375	253	332	280	199	268	11	9	10	572	398	518	72	45	72	13	11	12	7	7	7	6	3	6
9575	Terndrup	1002	672	941	779	524	726	223	148	215	68	46	60	828	562	778	106	64	103	43	40	42	22	18	22	1	1	1
9600	Aars	6304	4117	5997	5070	3320	4803	1234	797	1194	1042	654	889	4599	3049	4460	663	414	648	225	195	215	96	91	96	40	39	40
9610	Nørager	1877	1245	1788	1093	740	1035	784	505	753	73	57	68	1566	1036	1484	238	152	236	73	58	68	23	18	23	3	2	3
9620	Aalestrup	2580	1620	2457	1478	934	1394	1102	686	1063	260	185	230	1942	1227	1861	378	208	366	112	95	110	45	41	42	7	6	6
9631	Gedsted	723	469	692	519	342	494	204	127	198	73	37	68	544	371	519	106	61	105	31	25	29	9	7	9	57	53	56
9632	Møldrup	1243	707	1139	796	467	749	447	240	390	51	36	46	946	536	859	246	135	234	63	56	61	18	16	18	5	3	4
9640	Farsø	3924	2575	3655	2783	1873	2579	1141	702	1076	388	214	251	3180	2143	3059	356	218	345	122	96	113	70	62	70	1325	1234	1283
9670	Løgstør	4123	2780	3875	2612	1767	2420	1511	1013	1455	580	403	512	3184	2147	3015	359	230	348	117	91	113	78	72	77	676	616	648
9681	Ranum	773	516	700	579	397	515	194	119	185	94	48	51	622	431	594	57	37	55	29	25	27	8	8	8	44	41	42
9690	Fjerritslev	3836	2679	3694	1842	1324	1767	1994	1355	1927	195	127	153	3101	2197	3012	540	355	529	103	79	100	82	69	80	1004	850	916
9700	Brønderslev	8989	5217	8239	7490	4320	6823	1499	897	1416	1980	1154	1601	6568	3813	6212	441	250	426	307	261	288	171	155	163	3	2	2
9740	Jerslev J	1114	656	1037	394	247	345	720	409	692	56	25	29	865	522	820	193	109	188	34	22	30	7	7	7	4	4	4
9750	Østervrå	1258	897	1213	644	472	622	614	425	591	46	38	43	1033	748	995	179	111	175	42	38	42	22	21	22	13	11	11
9760	Vrå	2409	1507	2247	1442	907	1341	967	600	906	221	166	204	1762	1084	1636	426	257	407	69	57	65	25	23	25	9	7	7
9800	Hjørring	16995	9921	15480	14290	8277	12923	2705	1644	2557	3805	2397	3217	12386	7052	11487	804	472	776	497	427	466	384	349	375	1624	1488	1533
9830	Tårs	1642	1071	1548	983	656	914	659	415	634	76	33	39	1360	915	1306	206	123	203	44	42	44	22	19	21	6	5	6
9850	Hirtshals	4618	2796	4289	4121	2518	3816	497	278	473	741	469	634	3762	2272	3544	115	55	111	264	225	249	93	83	89	891	831	850
9870	Sindal	3175	2004	2938	2169	1373	1988	1006	631	950	212	117	154	2542	1629	2377	421	258	407	95	76	88	40	38	40	22	19	20
9881	Bindslev	1436	877	1343	797	502	751	639	375	592	19	14	16	1172	726	1095	245	137	232	49	40	45	32	26	32	868	773	810
9900	Frederikshavn	15854	9827	14387	14936	9251	13506	918	576	881	5053	3086	4223	10388	6490	9765	413	251	399	541	484	512	329	300	319	201	189	198
9940	Læsø	1007	689	901	616	418	536	391	271	365	7	5	7	927	642	825	73	42	69	36	31	32	29	27	29	1185	1114	1138
9970	Strandby	1146	745	1110	1082	708	1048	64	37	62	96	58	91	1030	675	999	20	12	20	47	45	46	11	9	11	186	177	180
9981	Jerup	485	317	454	295	196	272	190	121	182	1	1	1	405	268	375	79	48	78	9	9	9	5	5	5	542	506	523
9982	Ålbæk	980	694	931	812	579	773	168	115	158	27	21	23	900	637	856	53	36	52	34	27	31	21	19	20	1116	982	1034
9990	Skagen	4847	3235	4422	4740	3167	4321	107	68	101	596	431	530	4244	2799	3886	7	5	6	251	227	241	196	186	193	2005	1644	1815
